Time_UT,75.125MHz,152.750MHz,243.313MHz,325.250MHz,411.500MHz,480.500MHz,609.875MHz,687.500MHz,791.000MHz,842.750MHz,SW-version 1.24, e-Callisto,pwm=120
  8.5008,  554.275,  569.925,  592.850,  600.412,  595.463,  577.963,  602.550,  597.112,  578.275,  567.925
  8.5064,  518.138,  532.963,  554.475,  619.300,  611.763,  554.050,  583.550,  579.537,  611.225,  542.725
  8.5120,  518.225,  532.888,  555.025,  630.400,  622.425,  553.812,  583.138,  579.175,  621.300,  542.600
  8.5175,  518.438,  532.450,  555.513,  631.787,  623.000,  553.250,  583.688,  579.675,  622.388,  542.850
  8.5231,  554.950,  570.162,  593.838,  602.713,  597.912,  595.362,  620.438,  615.688,  596.250,  585.463
  8.5286,  562.188,  577.612,  601.625,  609.400,  605.188,  603.575,  627.787,  623.013,  603.312,  593.250
  8.5342,  561.800,  578.237,  602.125,  610.000,  604.750,  603.312,  628.000,  623.625,  603.862,  593.162
  8.5397,  565.213,  580.825,  604.850,  612.862,  608.688,  606.737,  631.537,  626.912,  607.388,  597.325
  8.5453,  565.388,  581.850,  605.075,  613.175,  609.400,  607.037,  632.162,  627.725,  607.888,  597.862
  8.5508,  565.000,  580.525,  605.112,  612.850,  608.375,  607.338,  631.513,  626.888,  607.588,  596.912
  8.5564,  566.700,  582.037,  605.938,  614.200,  609.700,  608.263,  633.338,  628.425,  608.525,  598.225
  8.5620,  565.612,  581.350,  605.737,  613.888,  609.325,  607.787,  632.237,  627.700,  608.050,  597.625
  8.5675,  565.200,  580.912,  605.550,  613.025,  608.975,  606.725,  631.838,  627.013,  607.775,  596.987
  8.5731,  565.588,  581.188,  605.675,  613.400,  609.400,  607.537,  632.237,  626.812,  607.925,  598.013
  8.5786,  564.525,  580.338,  604.925,  612.787,  608.550,  606.750,  631.325,  626.638,  607.688,  596.888
  8.5842,  564.150,  580.075,  604.300,  612.125,  607.838,  605.650,  631.150,  626.013,  606.400,  596.275
  8.5897,  565.713,  581.537,  605.325,  613.588,  609.500,  607.888,  632.338,  627.450,  608.525,  598.088
  8.5953,  565.037,  581.088,  604.850,  613.450,  608.675,  607.088,  632.188,  627.025,  607.625,  597.338
  8.6008,  564.963,  580.338,  604.775,  612.500,  608.175,  605.950,  631.562,  626.475,  607.013,  596.750
  8.6064,  564.900,  580.713,  604.912,  613.175,  608.850,  606.700,  631.725,  626.612,  607.200,  597.450
  8.6119,  564.650,  580.487,  604.525,  612.625,  607.975,  606.287,  630.612,  626.500,  606.775,  596.662
  8.6175,  564.037,  579.338,  603.938,  611.425,  607.562,  606.025,  630.450,  625.825,  606.200,  596.062
  8.6231,  565.150,  580.612,  604.888,  613.175,  608.862,  607.125,  631.800,  627.362,  607.450,  597.600
  8.6286,  564.237,  580.263,  604.150,  612.188,  608.350,  606.000,  631.000,  625.850,  606.775,  596.463
  8.6342,  563.825,  579.338,  603.987,  611.675,  607.812,  605.625,  630.013,  625.237,  605.875,  595.575
  8.6397,  564.562,  580.987,  604.537,  613.013,  608.575,  607.000,  631.800,  626.725,  607.350,  597.075
  8.6453,  563.750,  579.588,  604.225,  612.188,  607.625,  605.912,  631.125,  626.287,  606.925,  595.787
  8.6509,  563.650,  579.475,  603.900,  611.213,  607.513,  605.812,  630.138,  625.412,  606.037,  595.900
  8.6564,  564.287,  580.150,  604.550,  612.250,  608.287,  606.575,  630.938,  626.162,  606.925,  596.375
  8.6620,  563.550,  579.775,  603.662,  611.487,  607.537,  605.963,  630.900,  625.375,  606.125,  595.963
  8.6675,  563.213,  579.138,  603.125,  611.175,  607.362,  605.062,  630.037,  624.825,  605.463,  595.438
  8.6731,  563.800,  579.650,  603.775,  611.612,  607.725,  605.713,  630.537,  625.825,  606.200,  595.888
  8.6786,  563.062,  578.938,  602.662,  611.088,  606.388,  605.200,  630.487,  624.763,  605.300,  595.612
  8.6842,  562.500,  578.862,  602.800,  610.775,  606.688,  604.438,  629.400,  624.713,  605.412,  594.562
  8.6897,  564.025,  579.938,  604.500,  612.125,  608.013,  606.700,  631.662,  626.162,  606.575,  597.000
  8.6953,  563.588,  579.237,  604.250,  612.213,  607.688,  606.562,  630.638,  625.487,  605.963,  596.037
  8.7009,  562.800,  579.112,  603.213,  611.150,  607.425,  605.713,  630.138,  624.950,  605.438,  595.213
  8.7064,  564.475,  579.775,  603.588,  611.763,  607.362,  605.625,  630.750,  625.625,  606.750,  595.963
  8.7119,  563.562,  579.112,  603.188,  611.050,  607.487,  605.763,  630.263,  625.088,  605.725,  595.300
  8.7175,  562.800,  578.513,  602.925,  611.100,  607.250,  605.338,  629.838,  624.812,  605.600,  595.600
  8.7231,  564.338,  579.662,  604.400,  611.838,  608.237,  606.950,  630.963,  625.912,  606.925,  596.388
  8.7286,  563.675,  579.487,  603.537,  611.588,  607.713,  605.925,  630.550,  625.237,  606.162,  596.800
  8.7342,  562.425,  578.125,  602.950,  610.650,  606.787,  605.425,  629.312,  625.000,  605.750,  595.588
  8.7397,  563.800,  579.588,  604.125,  611.575,  607.850,  606.150,  630.537,  625.763,  606.975,  596.612
  8.7453,  562.800,  579.175,  603.975,  611.825,  607.688,  605.888,  630.588,  625.388,  606.237,  596.025
  8.7508,  561.713,  577.825,  601.938,  609.838,  606.062,  603.388,  628.025,  623.675,  603.963,  593.350
  8.7564,  516.225,  531.400,  553.575,  567.138,  573.188,  568.000,  590.138,  604.775,  557.175,  544.875
  8.7620,  515.975,  530.312,  553.550,  564.100,  574.388,  570.325,  591.438,  611.450,  555.263,  545.537
  8.7675,  515.875,  530.850,  553.775,  565.275,  575.025,  571.575,  592.963,  611.787,  556.700,  545.700
  8.7730,  552.562,  567.338,  591.438,  600.412,  596.138,  592.275,  618.062,  612.612,  593.412,  582.350
  8.7786,  561.225,  576.237,  600.412,  608.263,  603.450,  601.513,  626.938,  621.487,  602.725,  592.100
  8.7842,  560.650,  576.438,  600.338,  607.812,  603.688,  601.438,  626.600,  621.925,  602.225,  592.237
  8.7898,  562.325,  577.562,  601.912,  610.100,  605.263,  603.463,  628.188,  623.862,  603.950,  593.938
  8.7953,  563.075,  578.750,  603.312,  611.700,  607.125,  605.713,  630.263,  625.650,  606.200,  595.963
  8.8009,  563.425,  578.675,  603.463,  611.275,  607.112,  605.162,  629.825,  624.900,  605.812,  595.500
  8.8064,  564.000,  580.312,  604.400,  612.263,  607.750,  606.312,  631.263,  626.625,  606.463,  596.438
  8.8119,  563.312,  579.737,  603.412,  611.825,  606.950,  606.037,  630.812,  625.800,  606.138,  596.225
  8.8175,  562.875,  578.487,  603.362,  610.775,  606.750,  605.325,  630.000,  625.300,  605.650,  594.900
  8.8231,  563.575,  579.713,  604.338,  611.900,  608.075,  606.400,  631.275,  626.900,  606.812,  596.275
  8.8286,  563.800,  579.325,  604.037,  611.638,  607.175,  605.638,  630.375,  625.562,  606.188,  595.975
  8.8342,  563.100,  579.013,  603.438,  610.737,  606.975,  605.463,  629.750,  625.300,  605.275,  595.062
  8.8397,  564.025,  579.650,  603.975,  612.263,  607.850,  606.513,  630.675,  626.088,  606.537,  596.500
  8.8453,  563.412,  579.250,  603.162,  611.625,  607.612,  606.062,  630.162,  625.475,  606.287,  595.925
  8.8508,  563.487,  578.700,  602.963,  610.763,  606.925,  605.500,  630.013,  625.062,  605.812,  595.112
  8.8564,  564.037,  579.875,  603.875,  611.325,  607.825,  606.362,  630.237,  625.675,  606.362,  596.263
  8.8620,  563.338,  578.950,  603.612,  611.388,  607.287,  605.263,  629.963,  625.400,  606.350,  595.575
  8.8675,  562.287,  578.812,  603.138,  610.412,  607.350,  604.987,  629.562,  624.675,  605.350,  595.838
  8.8731,  563.850,  579.725,  603.812,  611.562,  607.525,  606.237,  631.150,  626.013,  607.175,  596.162
  8.8786,  563.737,  579.300,  603.713,  611.125,  607.237,  605.888,  630.125,  625.188,  606.425,  596.200
  8.8842,  563.213,  578.775,  602.638,  610.838,  606.938,  605.075,  629.588,  624.850,  605.537,  595.188
  8.8897,  562.912,  579.263,  602.938,  611.037,  606.688,  605.600,  629.725,  624.787,  605.975,  595.412
  8.8953,  562.737,  578.875,  602.825,  611.213,  606.838,  604.950,  629.213,  624.300,  605.275,  594.838
  8.9008,  561.263,  577.850,  602.263,  610.050,  605.963,  604.037,  628.100,  623.912,  604.412,  593.850
  8.9064,  563.800,  579.300,  602.850,  611.050,  607.175,  605.162,  629.700,  624.588,  605.900,  595.263
  8.9120,  562.750,  578.825,  602.662,  611.075,  606.925,  605.275,  629.875,  625.025,  605.850,  595.412
  8.9175,  562.825,  578.013,  602.375,  610.575,  606.375,  604.250,  629.487,  624.875,  604.987,  594.713
  8.9231,  563.150,  578.812,  603.062,  611.200,  607.200,  605.263,  630.150,  625.325,  606.138,  595.275
  8.9286,  562.650,  578.537,  603.312,  610.475,  606.700,  605.013,  629.662,  625.200,  605.612,  595.763
  8.9342,  561.925,  577.925,  602.650,  610.475,  606.650,  605.075,  629.062,  624.775,  605.338,  594.750
  8.9397,  563.112,  578.912,  603.375,  610.713,  606.925,  605.900,  630.125,  624.812,  605.675,  595.775
  8.9453,  562.487,  578.213,  602.825,  609.987,  606.638,  604.725,  629.275,  625.025,  605.662,  594.787
  8.9508,  561.812,  577.250,  601.750,  610.062,  606.112,  604.000,  628.338,  624.237,  604.275,  593.875
  8.9564,  562.325,  578.812,  603.263,  611.338,  606.775,  605.575,  630.075,  625.475,  605.713,  595.500
  8.9619,  562.963,  578.425,  602.338,  610.338,  606.525,  604.650,  629.388,  624.900,  605.125,  595.388
  8.9675,  562.088,  577.875,  602.075,  609.838,  606.125,  604.513,  628.275,  624.550,  604.287,  594.750
  8.9731,  563.200,  578.175,  602.938,  610.525,  606.412,  604.638,  629.400,  625.037,  605.237,  595.000
  8.9786,  562.250,  577.800,  602.125,  610.638,  606.000,  604.225,  629.138,  624.562,  604.938,  595.250
  8.9842,  561.875,  577.750,  601.850,  609.750,  605.525,  604.112,  628.575,  623.900,  604.513,  594.237
  8.9897,  561.812,  578.062,  601.750,  610.250,  606.275,  604.475,  629.275,  624.213,  604.537,  594.388
  8.9953,  561.825,  577.412,  601.650,  609.700,  605.912,  603.775,  628.237,  623.812,  603.950,  593.625
  9.0008,  559.625,  576.138,  599.875,  607.850,  603.862,  601.475,  626.575,  621.388,  602.125,  591.800
  9.0064,  515.925,  530.675,  553.037,  574.188,  623.525,  557.825,  579.162,  669.388,  558.775,  542.062
  9.0119,  515.312,  530.062,  552.912,  576.075,  634.625,  557.475,  578.075,  686.912,  558.537,  541.400
  9.0175,  515.300,  531.062,  553.300,  576.662,  635.963,  558.612,  578.537,  688.775,  559.737,  541.812
  9.0231,  551.537,  566.750,  589.775,  597.900,  594.513,  590.750,  616.075,  612.025,  591.362,  580.625
  9.0286,  560.138,  575.713,  599.450,  607.688,  603.213,  600.638,  626.287,  620.737,  601.537,  591.338
  9.0342,  560.513,  575.737,  599.700,  607.550,  603.312,  600.987,  625.638,  621.112,  601.562,  591.612
  9.0398,  560.138,  575.938,  599.750,  607.463,  603.400,  602.138,  626.362,  622.037,  602.275,  592.275
  9.0453,  562.175,  578.100,  602.625,  610.050,  606.162,  604.237,  629.362,  624.625,  605.287,  594.575
  9.0509,  562.450,  577.412,  601.975,  610.812,  605.987,  604.037,  628.438,  623.775,  604.537,  594.362
  9.0564,  563.100,  578.400,  603.138,  610.938,  606.850,  604.463,  629.312,  624.825,  605.188,  594.938
  9.0620,  562.088,  577.963,  602.125,  610.100,  606.400,  603.688,  628.150,  623.725,  604.125,  594.075
  9.0675,  561.362,  577.287,  601.325,  609.300,  605.237,  602.812,  627.713,  622.550,  603.350,  592.812
  9.0730,  563.388,  579.550,  603.700,  611.862,  607.475,  604.700,  629.963,  625.037,  605.675,  595.250
  9.0786,  562.862,  579.275,  603.100,  610.875,  607.037,  604.300,  629.138,  624.725,  604.625,  594.312
  9.0842,  562.888,  578.650,  602.525,  610.537,  606.237,  603.963,  628.713,  624.175,  604.400,  593.825
  9.0897,  562.575,  578.625,  602.987,  610.412,  606.600,  603.638,  628.812,  624.525,  604.263,  593.838
  9.0953,  562.287,  578.575,  602.237,  609.987,  605.750,  603.713,  627.900,  623.500,  603.525,  593.650
  9.1009,  561.950,  577.537,  601.987,  609.350,  605.588,  602.787,  628.025,  623.312,  603.062,  592.625
  9.1064,  563.938,  579.550,  603.600,  611.800,  607.475,  604.737,  630.138,  625.562,  605.500,  595.188
  9.1120,  562.838,  579.050,  603.013,  610.987,  606.575,  604.200,  629.287,  624.450,  604.550,  594.612
  9.1175,  562.562,  577.713,  602.713,  610.500,  606.138,  603.713,  628.838,  624.075,  603.900,  593.812
  9.1230,  563.438,  578.287,  603.062,  611.013,  606.475,  603.713,  628.888,  623.825,  604.263,  594.000
  9.1286,  562.275,  578.275,  602.450,  609.912,  605.975,  603.213,  628.300,  623.150,  604.062,  593.725
  9.1342,  561.775,  577.588,  602.237,  609.775,  605.325,  602.763,  627.862,  622.950,  603.000,  592.737
  9.1397,  563.562,  579.013,  603.338,  611.287,  607.400,  604.812,  629.938,  624.775,  605.225,  594.862
  9.1453,  562.312,  578.062,  602.588,  610.600,  606.513,  603.625,  629.175,  624.088,  605.013,  594.213
  9.1509,  561.987,  578.037,  602.075,  610.125,  605.600,  603.513,  627.963,  623.438,  604.463,  593.638
  9.1564,  562.612,  578.175,  602.900,  610.750,  606.425,  603.850,  629.763,  624.037,  604.338,  593.800
  9.1620,  562.150,  578.037,  602.188,  610.075,  605.675,  603.112,  628.425,  623.362,  603.600,  593.612
  9.1675,  561.737,  577.812,  601.425,  609.138,  605.175,  602.463,  627.250,  622.638,  603.062,  593.150
  9.1731,  563.025,  578.750,  603.062,  611.287,  606.950,  604.575,  628.850,  624.525,  604.725,  594.388
  9.1786,  562.638,  578.675,  602.475,  611.162,  606.463,  604.062,  628.900,  624.125,  604.375,  593.600
  9.1842,  561.688,  577.250,  601.600,  609.700,  605.812,  603.312,  628.388,  623.075,  603.975,  593.675
  9.1897,  562.612,  577.725,  602.812,  610.650,  606.463,  604.650,  629.138,  623.700,  604.963,  594.938
  9.1953,  562.287,  577.850,  602.100,  610.475,  606.412,  604.463,  629.438,  624.763,  604.950,  594.675
  9.2009,  561.588,  577.350,  601.963,  609.963,  605.575,  604.213,  628.263,  623.987,  604.412,  593.862
  9.2064,  563.175,  578.700,  603.450,  611.200,  607.025,  605.562,  629.912,  625.150,  606.112,  595.550
  9.2120,  562.713,  578.050,  602.525,  611.237,  606.825,  605.362,  629.250,  624.812,  605.412,  595.100
  9.2175,  561.912,  577.513,  602.213,  610.650,  605.750,  603.375,  628.263,  623.463,  604.500,  593.463
  9.2231,  562.600,  578.188,  602.588,  610.850,  606.338,  604.188,  628.375,  624.362,  604.362,  594.162
  9.2286,  562.013,  578.013,  602.300,  610.088,  606.100,  603.588,  628.188,  623.562,  603.825,  593.588
  9.2342,  561.575,  577.450,  602.075,  609.688,  605.588,  603.263,  627.975,  623.338,  603.438,  592.975
  9.2397,  563.062,  578.725,  603.250,  611.213,  607.088,  604.575,  629.287,  624.763,  605.000,  594.450
  9.2453,  562.287,  577.987,  602.675,  610.888,  606.425,  603.850,  628.938,  624.425,  604.513,  594.025
  9.2508,  560.862,  576.938,  601.162,  609.050,  605.338,  602.388,  627.375,  622.775,  602.338,  592.075
  9.2564,  515.375,  529.725,  552.275,  564.713,  578.513,  579.050,  577.325,  587.713,  550.550,  553.875
  9.2620,  514.662,  529.650,  552.275,  563.525,  578.175,  585.825,  577.412,  581.287,  550.225,  556.487
  9.2675,  514.650,  529.525,  552.162,  564.000,  580.250,  586.200,  577.438,  585.325,  550.800,  556.987
  9.2731,  550.412,  565.275,  588.713,  597.175,  594.325,  589.250,  614.812,  612.037,  590.350,  579.475
  9.2786,  559.800,  575.237,  599.425,  606.888,  603.275,  599.575,  625.350,  620.225,  600.825,  590.400
  9.2842,  559.838,  575.625,  599.088,  607.088,  602.838,  600.487,  624.825,  620.263,  600.487,  589.950
  9.2898,  558.938,  575.013,  599.125,  606.838,  602.612,  600.862,  625.475,  620.675,  601.450,  590.750
  9.2953,  562.638,  578.425,  602.787,  610.112,  606.175,  604.450,  628.987,  624.575,  604.475,  594.350
  9.3009,  561.875,  577.312,  601.662,  610.050,  605.938,  603.925,  628.412,  624.263,  604.025,  594.200
  9.3064,  563.425,  579.500,  604.125,  610.900,  607.625,  606.013,  630.737,  625.688,  606.300,  595.987
  9.3120,  563.537,  579.188,  603.338,  610.912,  607.100,  605.463,  630.050,  625.375,  606.300,  595.513
  9.3175,  562.638,  578.475,  602.638,  610.188,  606.475,  604.562,  629.250,  624.537,  605.175,  594.575
  9.3231,  562.675,  578.263,  602.925,  610.912,  606.800,  605.487,  629.725,  624.737,  605.638,  595.013
  9.3286,  563.112,  578.300,  601.975,  609.963,  606.862,  604.575,  629.312,  624.025,  605.037,  594.550
  9.3342,  562.438,  577.675,  601.700,  609.675,  605.737,  604.412,  628.638,  624.200,  604.537,  594.100
  9.3397,  563.362,  578.725,  603.350,  611.112,  607.638,  606.050,  630.388,  625.463,  605.838,  596.188
  9.3453,  563.213,  578.600,  602.838,  610.713,  607.125,  605.763,  629.550,  624.912,  605.875,  595.600
  9.3509,  562.612,  578.300,  602.500,  610.412,  606.700,  605.013,  628.750,  624.025,  605.125,  594.475
  9.3564,  562.263,  578.162,  602.600,  610.425,  606.600,  605.050,  629.162,  624.713,  605.325,  594.800
  9.3620,  562.088,  577.850,  601.987,  609.688,  606.112,  604.612,  629.100,  624.263,  604.650,  594.912
  9.3675,  561.500,  577.213,  601.713,  609.537,  605.525,  603.763,  628.062,  623.162,  604.362,  593.963
  9.3731,  563.037,  578.500,  603.463,  610.963,  607.600,  606.237,  629.800,  625.912,  605.987,  596.125
  9.3786,  563.537,  578.225,  602.575,  610.400,  606.975,  604.713,  629.300,  624.838,  605.275,  595.275
  9.3842,  562.225,  577.875,  602.150,  610.088,  606.388,  604.487,  628.963,  624.400,  604.812,  594.388
  9.3897,  562.438,  577.850,  602.225,  610.975,  606.862,  604.975,  629.287,  624.625,  605.388,  594.550
  9.3953,  561.950,  577.400,  602.025,  610.062,  606.200,  604.237,  628.875,  623.862,  604.750,  594.550
  9.4008,  561.275,  576.912,  600.750,  608.838,  605.400,  603.812,  628.225,  623.362,  603.987,  593.700
  9.4064,  562.550,  578.000,  602.725,  610.675,  607.362,  605.412,  629.300,  624.987,  605.325,  595.350
  9.4120,  562.013,  578.188,  602.188,  610.225,  606.838,  604.963,  628.862,  624.213,  605.200,  594.612
  9.4175,  561.487,  576.963,  601.612,  609.562,  605.400,  603.975,  628.400,  623.562,  603.750,  593.787
  9.4231,  561.875,  577.825,  602.438,  610.450,  606.213,  605.162,  628.950,  624.925,  604.975,  595.362
  9.4287,  561.888,  577.438,  602.300,  610.162,  605.875,  604.438,  628.812,  624.000,  604.737,  595.162
  9.4342,  561.112,  576.513,  601.588,  609.688,  605.537,  604.213,  628.450,  623.725,  604.050,  593.987
  9.4398,  561.987,  577.525,  602.475,  610.650,  605.987,  604.838,  628.950,  624.312,  604.987,  594.525
  9.4453,  561.963,  577.500,  601.900,  609.662,  605.888,  604.300,  628.138,  624.013,  603.912,  594.138
  9.4509,  561.125,  576.075,  600.987,  609.125,  605.037,  603.188,  627.975,  623.638,  603.763,  593.037
  9.4564,  562.338,  577.950,  603.225,  611.000,  606.100,  605.013,  629.862,  624.562,  604.750,  595.388
  9.4620,  561.600,  577.175,  602.100,  610.000,  606.138,  604.487,  628.362,  623.987,  604.562,  594.650
  9.4675,  561.037,  576.700,  601.138,  608.575,  605.675,  603.013,  628.088,  623.963,  603.688,  593.463
  9.4731,  561.375,  577.075,  601.737,  609.287,  605.150,  604.138,  628.550,  624.000,  604.088,  593.737
  9.4786,  561.088,  576.162,  601.263,  609.175,  604.800,  603.263,  627.700,  623.162,  603.888,  593.312
  9.4842,  560.713,  576.275,  600.888,  608.487,  604.037,  602.700,  627.513,  622.963,  603.325,  592.638
  9.4897,  562.537,  577.400,  602.188,  610.025,  606.325,  604.638,  629.275,  624.188,  605.000,  594.638
  9.4953,  561.312,  576.812,  601.725,  609.850,  605.725,  603.950,  628.263,  623.500,  604.225,  594.162
  9.5008,  560.037,  575.838,  600.425,  608.612,  604.425,  602.375,  627.088,  622.200,  602.700,  591.875
  9.5064,  514.537,  529.188,  552.175,  560.250,  578.575,  602.525,  576.838,  591.237,  550.763,  570.037
  9.5120,  514.037,  528.825,  551.325,  560.075,  577.162,  605.675,  576.775,  590.963,  551.125,  571.062
  9.5175,  514.263,  528.775,  551.375,  559.775,  580.050,  609.625,  576.675,  592.588,  551.112,  574.700
  9.5231,  549.775,  564.625,  588.325,  595.963,  594.737,  592.700,  613.912,  611.188,  589.562,  580.963
  9.5286,  559.838,  575.400,  599.625,  606.900,  603.250,  600.688,  625.263,  620.425,  601.138,  590.350
  9.5342,  559.862,  575.787,  599.412,  607.050,  602.612,  599.963,  625.612,  620.950,  601.013,  591.237
  9.5397,  558.250,  573.850,  598.375,  605.750,  601.588,  599.838,  624.375,  619.912,  600.250,  589.763
  9.5453,  561.263,  577.013,  601.188,  609.338,  604.963,  603.375,  628.125,  623.425,  603.912,  593.475
  9.5509,  561.037,  576.588,  600.700,  608.375,  605.025,  603.112,  626.975,  623.075,  603.188,  593.037
  9.5564,  561.725,  577.312,  601.787,  609.713,  605.263,  604.400,  628.662,  624.263,  604.662,  594.175
  9.5620,  561.275,  577.025,  601.412,  609.162,  605.412,  603.763,  628.075,  623.725,  604.237,  593.938
  9.5675,  561.138,  576.700,  600.862,  608.375,  604.625,  602.737,  627.787,  623.100,  603.325,  593.013
  9.5731,  561.787,  577.513,  601.800,  610.162,  605.938,  604.400,  629.037,  624.662,  604.588,  594.525
  9.5787,  561.600,  577.438,  601.800,  609.688,  605.900,  603.825,  628.475,  623.875,  604.062,  593.912
  9.5842,  560.588,  576.612,  600.950,  608.612,  605.138,  602.938,  628.000,  623.287,  603.250,  593.425
  9.5897,  562.138,  577.400,  601.850,  610.400,  606.500,  604.888,  628.925,  624.275,  604.888,  594.463
  9.5953,  561.438,  577.338,  601.688,  609.737,  605.662,  603.963,  628.787,  623.950,  604.062,  594.300
  9.6008,  561.388,  576.688,  601.125,  609.013,  605.475,  603.237,  627.812,  623.500,  603.600,  593.487
  9.6064,  561.862,  577.438,  601.650,  609.588,  606.062,  603.912,  628.900,  624.475,  604.763,  594.500
  9.6120,  560.850,  577.000,  600.487,  609.162,  605.138,  603.562,  627.713,  623.575,  604.075,  593.612
  9.6175,  560.600,  576.125,  600.825,  608.688,  604.562,  602.963,  627.588,  622.388,  602.875,  593.188
  9.6231,  562.188,  577.575,  601.638,  610.150,  606.088,  604.875,  628.838,  624.350,  604.662,  594.800
  9.6286,  561.662,  576.750,  601.625,  609.112,  605.638,  604.237,  628.763,  623.312,  604.300,  593.975
  9.6342,  560.188,  576.300,  601.412,  608.475,  604.763,  603.237,  627.425,  623.162,  603.325,  593.075
  9.6397,  561.888,  577.375,  601.838,  609.775,  605.838,  603.675,  628.525,  623.550,  604.825,  593.888
  9.6453,  560.675,  576.975,  600.638,  609.050,  604.950,  603.675,  628.037,  623.000,  604.263,  593.125
  9.6509,  560.350,  576.300,  600.600,  608.763,  604.362,  602.600,  627.388,  622.225,  603.325,  592.575
  9.6564,  561.763,  577.463,  601.838,  609.862,  606.300,  604.350,  628.312,  624.312,  604.900,  594.475
  9.6620,  560.925,  576.625,  601.062,  608.900,  605.537,  603.463,  628.550,  623.213,  603.963,  593.750
  9.6675,  560.650,  576.312,  600.713,  608.688,  604.763,  602.950,  627.312,  622.900,  603.662,  592.850
  9.6731,  562.138,  578.300,  602.150,  610.475,  606.000,  604.763,  629.487,  624.537,  605.425,  594.912
  9.6786,  561.950,  577.438,  601.388,  609.475,  605.888,  603.975,  628.588,  623.925,  604.838,  594.213
  9.6842,  561.175,  577.188,  601.350,  609.025,  605.612,  603.375,  627.888,  623.100,  603.812,  593.537
  9.6898,  562.487,  576.825,  601.775,  609.650,  606.287,  604.213,  628.737,  624.362,  604.600,  594.625
  9.6953,  561.263,  576.763,  601.250,  609.412,  605.825,  603.688,  628.050,  623.525,  604.325,  594.013
  9.7009,  560.825,  575.987,  600.388,  608.562,  604.400,  603.175,  627.463,  622.588,  603.388,  593.600
  9.7064,  561.775,  577.900,  602.237,  610.513,  606.737,  605.088,  629.600,  624.763,  605.787,  595.575
  9.7120,  561.625,  577.588,  601.875,  609.525,  605.925,  604.225,  628.938,  624.237,  604.525,  594.650
  9.7175,  560.625,  576.688,  601.175,  608.875,  605.713,  603.700,  628.100,  623.088,  604.025,  593.888
  9.7231,  561.812,  577.375,  602.175,  609.888,  606.487,  604.612,  629.037,  624.312,  604.550,  594.450
  9.7287,  561.037,  576.688,  601.675,  609.213,  605.562,  604.000,  628.050,  623.975,  604.237,  594.250
  9.7342,  561.075,  576.250,  600.638,  608.625,  605.375,  603.162,  627.938,  623.213,  603.525,  593.650
  9.7397,  561.300,  576.800,  601.388,  609.287,  605.725,  603.562,  628.188,  623.550,  604.412,  594.075
  9.7453,  560.487,  576.525,  601.050,  608.612,  604.875,  602.912,  627.700,  623.150,  603.362,  593.763
  9.7508,  559.450,  575.037,  599.400,  607.862,  603.625,  601.100,  626.200,  621.700,  601.612,  591.375
  9.7564,  514.737,  528.350,  550.987,  560.963,  558.425,  557.362,  576.350,  574.250,  551.062,  545.300
  9.7620,  514.188,  528.112,  551.037,  560.812,  557.825,  553.875,  576.700,  572.888,  550.700,  542.138
  9.7676,  513.987,  527.775,  551.025,  560.162,  557.688,  554.650,  576.700,  572.612,  551.125,  543.838
  9.7731,  548.950,  563.388,  586.725,  595.088,  591.938,  590.263,  612.900,  609.388,  588.688,  579.162
  9.7786,  559.812,  575.388,  599.312,  606.513,  602.900,  600.287,  625.675,  620.725,  600.400,  590.825
  9.7842,  559.388,  574.963,  599.487,  606.987,  603.188,  600.912,  625.525,  620.362,  600.938,  590.938
  9.7898,  556.775,  572.650,  596.963,  604.600,  600.588,  597.800,  623.175,  619.075,  598.675,  589.062
  9.7953,  560.662,  576.362,  601.138,  608.912,  605.338,  603.763,  627.513,  623.250,  603.688,  593.662
  9.8009,  561.025,  576.388,  600.975,  608.675,  604.763,  602.900,  627.700,  622.862,  603.525,  593.525
  9.8064,  562.213,  578.100,  602.438,  610.562,  606.625,  605.412,  629.150,  624.825,  605.388,  595.237
  9.8120,  561.850,  577.888,  602.237,  609.475,  606.037,  604.775,  629.025,  624.463,  605.213,  594.500
  9.8175,  561.325,  577.325,  601.100,  608.888,  605.625,  604.162,  628.200,  623.562,  604.562,  594.175
  9.8231,  562.463,  578.237,  602.650,  610.550,  606.675,  605.325,  630.150,  624.763,  605.612,  595.350
  9.8286,  561.775,  577.438,  601.763,  610.025,  605.938,  604.925,  628.787,  624.013,  604.812,  594.787
  9.8342,  561.588,  577.025,  601.450,  609.600,  605.600,  604.037,  628.400,  623.725,  604.275,  594.237
  9.8397,  562.075,  577.688,  602.100,  610.375,  606.300,  604.725,  629.350,  624.325,  605.112,  595.037
  9.8453,  561.812,  577.112,  601.650,  610.175,  605.987,  604.388,  628.463,  624.612,  604.463,  594.513
  9.8509,  561.400,  577.000,  601.475,  609.350,  605.688,  603.513,  627.963,  623.450,  604.650,  594.275
  9.8564,  562.650,  578.325,  602.662,  610.100,  606.625,  604.925,  629.550,  624.713,  605.588,  595.200
  9.8620,  562.500,  577.750,  602.150,  610.938,  606.688,  604.938,  628.900,  624.412,  604.888,  594.763
  9.8675,  561.763,  577.125,  602.037,  609.938,  605.862,  603.888,  628.650,  623.950,  604.513,  594.588
  9.8731,  562.537,  577.912,  602.300,  610.825,  606.600,  604.950,  630.000,  624.450,  605.537,  595.225
  9.8786,  562.150,  577.588,  602.112,  610.088,  606.062,  604.263,  628.662,  624.750,  605.025,  594.450
  9.8842,  561.375,  576.713,  601.775,  609.713,  606.075,  603.612,  628.225,  623.763,  604.100,  594.200
  9.8898,  561.812,  578.050,  602.612,  610.500,  606.450,  605.025,  629.787,  624.325,  605.287,  595.550
  9.8953,  561.938,  577.700,  602.138,  609.838,  606.162,  604.588,  629.388,  623.875,  605.150,  594.938
  9.9009,  561.388,  577.025,  601.463,  609.700,  605.513,  603.700,  628.775,  623.713,  604.062,  594.263
  9.9064,  561.775,  577.775,  602.425,  609.775,  606.263,  604.600,  629.463,  624.775,  605.237,  594.525
  9.9120,  561.588,  577.150,  601.825,  609.625,  606.062,  604.125,  628.450,  624.000,  604.263,  594.312
  9.9175,  560.550,  576.250,  601.188,  609.100,  605.062,  603.513,  628.088,  622.938,  603.900,  593.487
  9.9231,  561.250,  577.612,  602.612,  610.625,  605.938,  604.525,  629.425,  624.575,  604.925,  595.037
  9.9286,  561.300,  576.950,  601.463,  609.562,  605.800,  603.938,  628.650,  624.150,  604.338,  594.100
  9.9342,  561.213,  576.737,  600.888,  609.250,  604.963,  603.475,  628.175,  623.200,  604.112,  594.000
  9.9398,  561.525,  577.600,  602.550,  610.062,  606.400,  604.862,  629.300,  624.138,  605.037,  594.188
  9.9453,  561.112,  577.338,  601.850,  609.737,  605.500,  604.075,  628.312,  624.112,  604.513,  594.463
  9.9509,  561.100,  577.550,  601.475,  609.075,  605.263,  603.400,  628.088,  623.412,  603.963,  593.737
  9.9565,  560.838,  576.963,  601.513,  609.188,  606.037,  604.763,  628.600,  623.925,  604.375,  594.650
  9.9620,  560.975,  576.838,  600.312,  608.850,  604.912,  603.287,  627.575,  623.088,  603.650,  593.438
  9.9676,  560.562,  575.987,  600.375,  608.200,  604.688,  602.737,  627.713,  622.588,  603.125,  593.062
  9.9731,  561.525,  577.525,  602.275,  609.525,  606.225,  604.487,  628.838,  624.312,  604.900,  595.013
  9.9786,  561.300,  576.800,  601.312,  609.088,  605.450,  603.675,  628.088,  623.375,  604.287,  594.375
  9.9842,  561.487,  576.562,  600.688,  608.725,  605.000,  603.987,  627.763,  622.875,  603.875,  593.725
  9.9898,  561.375,  577.237,  601.388,  609.263,  605.975,  603.862,  628.412,  623.737,  604.475,  594.500
  9.9953,  561.463,  576.200,  600.938,  609.275,  605.275,  603.463,  627.475,  623.375,  604.013,  593.875
 10.0008,  560.088,  576.188,  600.138,  607.975,  604.125,  602.100,  626.400,  621.537,  602.225,  592.162
 10.0064,  513.688,  529.050,  551.362,  567.938,  568.600,  557.812,  580.375,  577.737,  563.325,  549.513
 10.0120,  513.875,  528.975,  551.463,  566.650,  571.188,  558.525,  579.400,  578.225,  565.575,  551.487
 10.0176,  513.900,  529.062,  551.263,  567.975,  571.138,  558.800,  580.263,  578.675,  566.463,  551.625
 10.0231,  547.737,  562.950,  586.438,  596.213,  590.675,  587.638,  612.975,  608.388,  588.525,  577.625
 10.0287,  560.325,  575.987,  599.575,  607.300,  603.713,  600.912,  626.025,  620.963,  601.200,  591.287
 10.0342,  560.338,  576.037,  599.850,  607.475,  603.662,  600.588,  626.325,  621.013,  601.763,  591.400
 10.0398,  556.312,  571.888,  595.612,  604.088,  599.987,  597.688,  622.700,  618.062,  598.200,  588.000
 10.0453,  561.662,  577.300,  601.350,  609.688,  605.750,  603.675,  628.550,  623.638,  604.400,  593.763
 10.0509,  560.775,  576.688,  600.400,  608.987,  605.237,  603.513,  628.062,  622.938,  603.925,  593.625
 10.0564,  562.600,  578.263,  602.525,  610.537,  606.725,  605.088,  629.600,  624.700,  604.938,  595.388
 10.0620,  561.500,  577.562,  602.425,  610.088,  606.150,  604.600,  628.675,  624.075,  604.787,  594.825
 10.0676,  560.588,  577.175,  601.112,  609.375,  605.700,  603.825,  628.625,  623.550,  604.263,  594.075
 10.0731,  562.037,  578.037,  602.963,  610.500,  606.638,  605.350,  629.175,  624.450,  605.625,  595.237
 10.0787,  562.062,  577.475,  601.850,  610.237,  606.162,  604.412,  629.525,  624.425,  604.812,  595.362
 10.0842,  561.787,  577.250,  601.825,  609.850,  605.400,  603.338,  628.200,  623.500,  603.662,  593.912
 10.0898,  561.850,  577.987,  601.600,  610.062,  606.100,  604.000,  628.150,  623.963,  604.213,  593.938
 10.0953,  562.200,  577.500,  601.812,  609.362,  605.600,  602.975,  628.250,  623.525,  603.825,  593.912
 10.1009,  560.950,  577.200,  601.112,  609.125,  605.062,  602.812,  627.250,  622.588,  603.500,  593.350
 10.1064,  562.287,  578.150,  602.638,  609.875,  606.513,  604.062,  628.975,  623.675,  604.850,  594.338
 10.1120,  561.987,  577.737,  602.050,  610.537,  605.675,  603.700,  628.550,  623.500,  603.625,  593.675
 10.1175,  561.487,  577.800,  601.338,  609.975,  606.088,  603.075,  628.150,  623.225,  604.125,  593.450
 10.1231,  562.787,  578.463,  602.763,  610.787,  606.825,  604.362,  629.375,  624.037,  605.188,  594.638
 10.1287,  562.138,  578.050,  601.987,  610.188,  606.338,  603.875,  628.388,  623.325,  604.263,  593.838
 10.1342,  561.950,  578.225,  602.537,  610.088,  606.475,  603.737,  628.900,  623.125,  603.700,  594.325
 10.1398,  564.225,  579.350,  603.850,  611.600,  607.575,  605.388,  630.237,  625.263,  605.588,  595.638
 10.1453,  562.763,  578.850,  603.000,  610.975,  607.362,  604.750,  629.338,  624.412,  605.138,  594.987
 10.1509,  562.787,  578.650,  602.725,  610.850,  606.412,  604.088,  628.763,  624.013,  604.950,  594.388
 10.1564,  563.162,  578.775,  603.175,  610.800,  606.513,  604.938,  629.300,  624.550,  604.713,  594.450
 10.1620,  561.912,  578.888,  602.588,  610.713,  606.400,  604.562,  628.763,  624.213,  604.787,  594.175
 10.1675,  562.675,  577.912,  602.013,  610.025,  606.138,  603.475,  628.487,  623.550,  604.362,  594.088
 10.1731,  563.350,  579.438,  603.838,  611.450,  607.412,  605.562,  630.588,  625.138,  605.862,  595.862
 10.1786,  563.287,  579.138,  603.400,  611.312,  607.275,  605.225,  629.987,  624.912,  605.225,  594.725
 10.1842,  562.537,  578.450,  602.900,  610.513,  606.750,  604.037,  629.562,  624.875,  605.213,  594.987
 10.1897,  564.112,  579.463,  604.125,  611.600,  607.450,  605.475,  630.487,  625.213,  606.588,  595.362
 10.1953,  563.675,  579.375,  603.775,  611.500,  607.375,  605.612,  630.150,  625.325,  605.650,  596.150
 10.2009,  563.213,  578.950,  603.500,  610.862,  607.487,  604.987,  629.725,  625.062,  605.950,  595.662
 10.2064,  564.450,  580.412,  604.350,  612.500,  608.725,  607.150,  631.062,  626.438,  607.362,  596.812
 10.2120,  564.713,  579.787,  604.300,  612.300,  608.287,  606.225,  630.775,  626.263,  606.888,  596.088
 10.2175,  563.388,  579.425,  603.812,  611.763,  607.675,  605.925,  630.338,  626.338,  606.438,  596.062
 10.2231,  564.213,  579.812,  604.213,  611.800,  607.425,  606.050,  630.963,  626.075,  606.912,  596.188
 10.2286,  563.850,  578.650,  603.438,  611.612,  607.412,  605.662,  631.062,  625.475,  606.838,  596.338
 10.2342,  562.537,  579.162,  603.300,  611.338,  607.300,  605.338,  630.025,  625.425,  606.200,  595.825
 10.2397,  564.375,  580.438,  604.562,  612.250,  608.537,  607.013,  631.500,  627.400,  606.862,  597.025
 10.2453,  564.025,  579.987,  604.375,  612.175,  607.950,  606.338,  630.750,  626.062,  606.938,  597.162
 10.2509,  562.925,  578.763,  602.987,  611.025,  606.975,  605.537,  629.862,  624.875,  605.088,  594.737
 10.2564,  516.188,  530.888,  553.537,  566.338,  597.325,  568.600,  583.438,  596.550,  590.875,  575.737
 10.2620,  515.838,  530.325,  553.388,  562.912,  594.662,  565.513,  582.000,  592.950,  587.000,  572.625
 10.2676,  516.287,  530.575,  553.188,  563.450,  597.700,  567.325,  582.550,  595.562,  591.450,  575.900
 10.2731,  547.750,  563.537,  586.562,  597.000,  597.237,  591.013,  614.112,  611.750,  593.862,  582.850
 10.2787,  561.013,  576.525,  600.550,  608.888,  604.450,  601.975,  626.750,  621.525,  601.825,  591.763
 10.2842,  560.763,  576.737,  600.475,  608.812,  604.438,  601.938,  626.450,  622.175,  602.338,  591.838
 10.2898,  557.000,  573.000,  596.650,  605.050,  601.025,  598.275,  623.575,  618.662,  598.138,  588.763
 10.2954,  563.575,  579.338,  603.625,  611.237,  607.575,  606.300,  630.737,  625.763,  606.300,  596.388
 10.3009,  562.950,  578.950,  603.550,  611.338,  607.362,  605.525,  630.050,  625.075,  605.725,  595.425
 10.3064,  563.975,  579.838,  603.925,  611.550,  607.725,  605.875,  630.575,  625.963,  606.938,  596.500
 10.3120,  563.075,  579.213,  603.138,  611.412,  607.325,  605.912,  629.763,  625.588,  606.225,  595.588
 10.3175,  562.737,  578.963,  602.675,  611.125,  607.062,  604.862,  629.825,  625.050,  605.525,  595.475
 10.3231,  565.025,  579.888,  604.062,  612.850,  608.600,  607.287,  631.688,  627.062,  607.713,  597.438
 10.3286,  563.688,  579.725,  604.362,  611.463,  607.862,  606.250,  631.237,  626.025,  606.862,  596.625
 10.3342,  563.425,  579.188,  603.875,  611.375,  607.888,  605.825,  630.213,  625.575,  606.362,  596.062
 10.3398,  564.000,  579.763,  603.838,  612.475,  607.938,  606.550,  631.013,  626.100,  607.188,  596.700
 10.3453,  563.438,  579.350,  603.650,  611.213,  607.575,  606.025,  630.025,  625.562,  606.450,  596.075
 10.3509,  562.925,  578.675,  602.763,  610.875,  607.438,  605.338,  629.513,  625.025,  606.150,  595.250
 10.3565,  563.800,  579.725,  604.013,  612.513,  608.325,  606.625,  630.938,  626.487,  607.213,  597.075
 10.3620,  563.138,  578.938,  603.438,  612.112,  607.812,  605.900,  630.588,  626.025,  606.562,  596.300
 10.3675,  562.875,  579.025,  602.812,  610.975,  607.075,  605.850,  629.950,  624.925,  606.325,  595.975
 10.3731,  564.700,  579.888,  604.612,  612.438,  608.950,  606.838,  631.250,  626.638,  607.700,  597.150
 10.3786,  563.950,  579.763,  603.425,  612.013,  608.138,  606.438,  631.138,  626.150,  606.987,  596.750
 10.3842,  563.475,  579.450,  603.688,  611.900,  607.675,  605.775,  630.275,  625.537,  606.638,  596.338
 10.3898,  563.825,  579.625,  603.862,  612.075,  607.812,  606.050,  630.838,  625.875,  606.513,  596.737
 10.3953,  562.638,  579.000,  603.300,  611.862,  607.500,  606.062,  630.150,  625.725,  606.412,  596.287
 10.4009,  562.575,  578.737,  602.713,  610.987,  607.300,  605.138,  629.950,  624.850,  605.600,  595.650
 10.4065,  563.562,  579.425,  603.713,  612.263,  608.225,  606.675,  630.987,  625.975,  606.862,  596.737
 10.4120,  563.275,  578.812,  603.550,  611.612,  607.963,  605.963,  630.650,  625.812,  606.412,  596.425
 10.4176,  562.862,  578.412,  603.088,  611.450,  607.312,  605.713,  629.487,  624.963,  605.838,  596.100
 10.4231,  563.500,  579.537,  603.800,  612.475,  608.138,  607.213,  631.275,  626.550,  607.350,  596.975
 10.4287,  563.675,  579.375,  603.862,  611.525,  607.550,  605.763,  630.338,  626.150,  606.700,  596.062
 10.4342,  563.188,  578.963,  602.862,  611.487,  607.513,  605.438,  630.025,  625.562,  606.325,  595.662
 10.4398,  563.675,  579.362,  603.650,  612.350,  608.162,  606.225,  630.787,  626.075,  606.688,  596.463
 10.4453,  562.787,  579.388,  603.287,  611.513,  608.062,  606.125,  630.300,  625.275,  606.463,  596.112
 10.4509,  562.362,  578.600,  602.975,  610.550,  607.263,  605.050,  629.487,  625.487,  605.725,  595.700
 10.4565,  563.713,  580.000,  603.787,  612.200,  607.900,  606.450,  630.950,  626.188,  606.800,  596.812
 10.4620,  563.487,  579.162,  603.725,  611.425,  607.812,  605.888,  630.537,  625.838,  606.475,  596.525
 10.4676,  563.312,  578.662,  602.850,  611.225,  606.925,  605.713,  630.013,  625.125,  606.150,  595.600
 10.4731,  564.162,  579.850,  604.125,  612.500,  607.675,  606.888,  631.100,  626.338,  607.025,  596.987
 10.4787,  563.875,  579.375,  604.013,  611.912,  608.013,  606.838,  630.325,  626.025,  606.800,  596.850
 10.4842,  563.588,  578.350,  603.325,  611.362,  607.562,  605.950,  630.200,  625.513,  606.425,  596.537
 10.4898,  563.500,  579.675,  604.438,  611.787,  608.162,  606.275,  630.912,  626.263,  606.987,  597.162
 10.4953,  563.325,  579.175,  603.138,  611.400,  607.412,  605.875,  630.425,  625.650,  606.362,  596.175
 10.5009,  561.750,  578.062,  602.800,  610.562,  606.400,  604.375,  628.737,  624.175,  605.062,  594.925
 10.5065,  515.838,  530.925,  553.500,  565.737,  577.438,  565.688,  580.838,  587.250,  575.150,  564.338
 10.5120,  516.100,  530.800,  553.912,  565.888,  570.188,  560.138,  579.963,  581.625,  565.750,  555.650
 10.5176,  516.237,  530.700,  553.475,  565.638,  571.912,  561.438,  580.213,  583.100,  568.562,  558.950
 10.5231,  547.888,  562.638,  586.550,  594.775,  597.050,  592.075,  612.938,  611.938,  594.562,  583.625
 10.5287,  559.963,  575.812,  599.925,  607.638,  603.438,  600.938,  625.737,  621.025,  601.412,  590.725
 10.5342,  559.638,  575.775,  599.638,  606.800,  603.600,  601.575,  626.000,  620.850,  601.987,  591.275
 10.5398,  557.188,  572.625,  596.487,  604.338,  600.388,  597.700,  622.825,  618.075,  598.900,  588.662
 10.5453,  563.375,  579.050,  603.150,  611.050,  607.588,  605.700,  630.200,  625.537,  606.412,  595.638
 10.5509,  562.425,  578.537,  603.037,  610.675,  606.975,  605.200,  629.862,  624.875,  605.875,  594.825
 10.5564,  563.737,  579.800,  604.025,  611.888,  608.312,  606.862,  631.088,  626.025,  607.237,  597.000
 10.5620,  563.112,  578.838,  603.438,  611.400,  607.963,  605.812,  630.463,  626.125,  606.750,  596.100
 10.5676,  562.975,  578.450,  603.175,  610.825,  607.088,  604.888,  629.338,  624.987,  605.650,  595.612
 10.5731,  563.850,  580.287,  604.412,  612.487,  608.963,  607.037,  631.825,  626.638,  607.763,  597.263
 10.5787,  563.688,  579.575,  604.125,  612.213,  608.025,  606.400,  630.975,  626.763,  606.925,  596.950
 10.5842,  563.612,  579.362,  603.300,  611.500,  607.588,  606.400,  630.713,  625.725,  606.763,  596.338
 10.5898,  563.275,  579.237,  603.875,  611.875,  608.138,  606.225,  631.013,  626.013,  606.388,  596.725
 10.5954,  563.150,  578.700,  603.338,  611.450,  607.625,  605.362,  629.950,  625.325,  605.987,  595.975
 10.6009,  562.450,  578.700,  603.062,  611.475,  607.188,  605.388,  629.700,  625.138,  605.938,  595.763
 10.6065,  563.312,  579.600,  603.550,  611.700,  607.525,  605.850,  630.500,  625.900,  605.938,  596.388
 10.6120,  562.525,  579.138,  602.737,  610.925,  607.225,  605.150,  629.675,  625.075,  605.600,  595.263
 10.6176,  562.325,  577.950,  602.475,  609.987,  606.688,  603.987,  628.525,  624.088,  604.825,  594.938
 10.6231,  562.862,  579.550,  603.575,  611.612,  607.300,  605.362,  629.862,  625.675,  605.950,  595.875
 10.6287,  563.175,  577.737,  603.088,  611.050,  607.088,  605.037,  629.775,  625.487,  605.450,  594.562
 10.6342,  562.537,  578.300,  602.463,  609.975,  606.575,  604.150,  628.812,  623.787,  604.500,  594.425
 10.6398,  562.750,  578.875,  603.425,  611.237,  607.200,  605.000,  630.125,  625.400,  605.525,  595.287
 10.6453,  562.950,  578.200,  602.537,  610.925,  607.188,  604.838,  629.425,  624.150,  604.975,  595.300
 10.6509,  562.438,  578.000,  602.562,  609.812,  606.575,  604.037,  629.338,  624.225,  605.050,  594.638
 10.6565,  562.550,  578.838,  602.938,  610.875,  606.875,  605.250,  629.800,  624.925,  605.388,  595.062
 10.6620,  562.138,  577.912,  602.638,  610.600,  606.138,  603.912,  628.950,  623.750,  604.900,  594.775
 10.6676,  561.975,  577.725,  601.938,  609.412,  605.912,  603.688,  628.975,  623.612,  604.388,  593.800
 10.6731,  563.200,  579.050,  603.112,  610.950,  607.213,  604.925,  629.862,  624.638,  605.625,  595.000
 10.6787,  562.588,  578.338,  602.800,  610.787,  606.862,  604.900,  629.400,  624.412,  604.850,  594.987
 10.6842,  561.800,  577.388,  602.150,  610.438,  606.050,  603.750,  629.013,  624.075,  604.750,  594.475
 10.6898,  562.787,  578.600,  603.325,  611.525,  606.800,  605.338,  629.775,  625.362,  605.825,  594.800
 10.6954,  562.338,  577.825,  602.950,  610.388,  606.562,  604.200,  629.225,  624.838,  605.062,  595.300
 10.7009,  561.787,  577.838,  601.862,  610.425,  605.675,  604.050,  628.888,  623.588,  604.350,  594.362
 10.7065,  562.925,  578.312,  603.125,  611.263,  607.037,  604.763,  629.638,  624.475,  605.662,  594.838
 10.7120,  562.763,  578.250,  602.900,  610.412,  606.300,  604.150,  629.312,  624.175,  604.463,  593.975
 10.7176,  561.325,  577.550,  601.888,  609.675,  605.888,  603.625,  628.800,  623.675,  604.200,  593.438
 10.7231,  562.425,  578.400,  602.362,  610.075,  606.388,  603.775,  628.950,  623.662,  604.400,  594.312
 10.7287,  561.700,  577.300,  601.912,  609.925,  605.787,  603.450,  628.100,  623.562,  603.275,  593.725
 10.7342,  561.112,  576.662,  601.338,  609.237,  605.112,  602.537,  627.662,  623.050,  603.500,  593.050
 10.7398,  562.037,  577.500,  602.013,  609.713,  605.987,  603.263,  628.612,  623.188,  604.025,  593.475
 10.7453,  561.550,  577.150,  601.263,  609.700,  605.362,  602.987,  628.037,  623.338,  603.612,  593.425
 10.7509,  559.388,  575.787,  600.050,  608.112,  604.000,  601.700,  626.412,  621.888,  601.925,  591.438
 10.7564,  513.975,  528.713,  551.500,  582.450,  575.562,  560.100,  589.338,  595.487,  559.550,  565.725
 10.7620,  513.888,  528.725,  550.862,  578.400,  572.150,  555.025,  586.987,  590.713,  555.013,  560.750
 10.7676,  513.750,  528.312,  551.338,  580.775,  573.787,  556.162,  588.425,  593.425,  555.775,  563.112
 10.7731,  545.213,  559.925,  583.438,  596.888,  592.425,  587.675,  612.475,  609.500,  587.612,  580.225
 10.7787,  557.938,  573.750,  596.925,  605.062,  601.188,  598.037,  623.588,  618.450,  598.225,  588.050
 10.7842,  557.537,  573.662,  597.112,  605.388,  601.175,  598.162,  623.550,  618.100,  598.287,  588.150
 10.7898,  554.737,  570.150,  593.500,  601.825,  597.737,  594.650,  619.987,  614.825,  595.588,  585.275
 10.7954,  561.263,  576.562,  601.287,  609.800,  605.338,  603.300,  627.475,  623.175,  603.388,  593.312
 10.8009,  560.638,  576.425,  601.138,  608.525,  605.013,  602.713,  627.237,  622.825,  603.138,  592.350
 10.8064,  562.537,  577.750,  602.200,  610.250,  606.000,  603.987,  628.425,  623.787,  604.562,  593.800
 10.8120,  561.737,  577.438,  601.675,  609.650,  605.737,  603.388,  628.037,  623.050,  603.537,  593.550
 10.8175,  561.150,  576.963,  601.588,  609.263,  605.325,  602.588,  628.362,  622.812,  603.450,  593.200
 10.8231,  561.600,  577.588,  601.350,  609.888,  606.037,  603.750,  628.812,  623.575,  604.375,  593.725
 10.8287,  561.513,  577.287,  600.975,  609.287,  606.075,  603.312,  627.812,  623.412,  603.062,  593.150
 10.8342,  561.362,  576.675,  600.450,  608.662,  605.050,  602.787,  627.412,  621.950,  603.300,  592.987
 10.8398,  560.987,  576.950,  601.287,  609.125,  605.562,  603.300,  628.075,  623.237,  604.088,  593.138
 10.8453,  560.800,  576.487,  600.975,  609.225,  605.050,  603.125,  627.338,  623.050,  603.612,  593.263
 10.8509,  560.300,  575.963,  600.225,  608.412,  604.600,  602.475,  627.388,  622.325,  603.263,  592.000
 10.8564,  561.525,  577.425,  601.500,  609.800,  605.925,  603.662,  628.050,  623.450,  603.963,  593.875
 10.8620,  560.275,  576.325,  600.825,  609.138,  605.237,  603.000,  627.787,  622.625,  603.263,  593.225
 10.8675,  560.287,  575.787,  600.275,  608.713,  604.763,  602.450,  627.112,  622.088,  602.963,  592.200
 10.8731,  561.062,  577.075,  601.838,  609.412,  605.675,  603.250,  627.963,  623.412,  604.050,  593.787
 10.8787,  560.537,  576.275,  600.963,  609.138,  605.700,  603.375,  627.662,  623.225,  603.775,  593.525
 10.8842,  560.450,  576.388,  600.513,  608.850,  604.425,  602.862,  627.575,  622.775,  603.338,  592.938
 10.8898,  560.750,  576.188,  601.125,  609.025,  605.362,  603.987,  627.500,  622.875,  603.412,  593.612
 10.8954,  560.662,  576.100,  600.338,  608.500,  604.575,  602.475,  627.475,  622.362,  603.100,  593.000
 10.9009,  559.975,  575.812,  600.338,  608.463,  604.525,  602.575,  626.975,  622.350,  602.925,  592.475
 10.9064,  561.812,  576.775,  601.412,  609.150,  605.463,  604.000,  627.862,  623.312,  604.263,  593.862
 10.9120,  560.763,  576.463,  600.987,  608.650,  605.350,  603.150,  627.162,  622.737,  603.850,  593.575
 10.9176,  560.000,  576.150,  600.263,  608.875,  604.825,  602.825,  626.675,  621.850,  602.987,  592.225
 10.9231,  560.438,  576.500,  600.912,  609.438,  605.625,  603.463,  628.125,  623.325,  604.037,  593.312
 10.9287,  560.875,  576.588,  601.200,  609.100,  605.162,  603.125,  627.463,  622.537,  603.450,  592.950
 10.9342,  559.975,  575.838,  600.275,  608.688,  604.162,  601.950,  626.825,  622.188,  603.250,  592.612
 10.9398,  561.263,  577.062,  601.537,  609.412,  605.500,  603.350,  627.787,  623.475,  604.162,  593.725
 10.9454,  561.275,  576.625,  600.912,  609.300,  605.200,  602.812,  627.350,  622.875,  603.312,  593.025
 10.9509,  560.825,  576.450,  600.250,  608.487,  604.550,  602.450,  626.662,  623.188,  602.737,  592.250
 10.9565,  561.275,  577.125,  601.875,  609.713,  606.000,  604.287,  628.475,  623.750,  603.938,  594.138
 10.9620,  560.550,  577.150,  601.800,  610.025,  605.975,  603.688,  628.688,  623.725,  604.075,  593.487
 10.9676,  560.513,  577.263,  601.175,  609.513,  605.050,  603.138,  627.963,  623.425,  603.737,  593.388
 10.9731,  562.625,  577.825,  602.412,  610.688,  606.600,  604.625,  629.162,  624.562,  605.150,  594.750
 10.9787,  562.237,  577.750,  602.050,  610.975,  606.188,  604.575,  628.775,  624.287,  604.588,  594.575
 10.9842,  561.588,  577.513,  601.800,  609.987,  605.912,  604.088,  628.400,  623.662,  604.088,  593.875
 10.9898,  562.550,  578.550,  602.550,  610.888,  606.463,  604.825,  629.600,  625.062,  605.287,  595.275
 10.9953,  562.588,  577.675,  602.037,  610.875,  606.612,  604.650,  629.088,  624.625,  604.900,  594.562
 11.0009,  561.025,  577.300,  601.925,  609.787,  605.950,  603.412,  628.200,  623.625,  603.825,  593.400
 11.0065,  515.125,  529.675,  552.562,  581.763,  576.925,  562.088,  593.138,  598.950,  556.787,  563.463
 11.0120,  515.225,  529.362,  552.550,  571.938,  568.487,  558.787,  585.513,  589.375,  554.675,  553.737
 11.0176,  515.013,  529.713,  552.100,  574.075,  570.275,  560.162,  587.263,  592.412,  555.675,  556.312
 11.0231,  546.263,  561.475,  584.888,  601.513,  596.612,  588.938,  617.112,  614.388,  587.312,  583.900
 11.0287,  558.963,  575.125,  599.250,  607.438,  602.938,  600.287,  625.388,  620.175,  600.612,  590.450
 11.0342,  559.562,  575.763,  599.025,  607.325,  602.825,  600.725,  625.263,  620.475,  600.750,  590.800
 11.0398,  556.300,  571.400,  595.237,  603.513,  599.775,  597.500,  622.550,  617.200,  597.675,  587.338
 11.0453,  563.612,  579.475,  603.725,  611.338,  607.888,  605.938,  631.225,  626.125,  606.612,  596.037
 11.0509,  563.237,  579.162,  603.325,  611.938,  607.550,  605.987,  629.775,  625.737,  606.475,  596.350
 11.0565,  564.200,  580.000,  604.425,  612.250,  608.037,  606.513,  631.812,  626.612,  607.200,  597.125
 11.0620,  563.537,  579.650,  604.150,  612.100,  607.375,  606.412,  630.987,  625.825,  606.662,  596.588
 11.0676,  563.237,  579.175,  603.838,  611.725,  607.650,  605.287,  630.412,  625.525,  605.725,  596.037
 11.0731,  564.850,  580.350,  604.800,  612.975,  608.737,  606.987,  631.700,  627.112,  607.763,  597.075
 11.0787,  564.325,  580.250,  604.475,  612.625,  608.275,  607.300,  632.188,  627.037,  607.650,  597.138
 11.0842,  564.125,  579.975,  604.612,  612.275,  608.412,  606.263,  631.162,  626.175,  607.000,  596.900
 11.0898,  564.850,  580.975,  605.725,  613.412,  609.338,  607.787,  632.325,  627.412,  608.737,  598.112
 11.0953,  565.475,  580.875,  604.588,  613.112,  608.888,  607.525,  632.100,  627.825,  607.600,  597.525
 11.1009,  564.062,  580.400,  604.425,  612.862,  608.362,  606.900,  631.463,  626.912,  607.225,  597.300
 11.1065,  565.938,  581.213,  605.888,  613.825,  609.500,  608.162,  632.812,  628.312,  608.975,  598.713
 11.1120,  565.575,  581.162,  605.588,  613.450,  608.912,  608.013,  631.838,  627.800,  608.625,  598.438
 11.1176,  565.275,  581.287,  604.975,  613.088,  609.150,  607.162,  631.875,  627.950,  607.662,  598.225
 11.1231,  565.875,  582.100,  606.050,  613.975,  609.862,  608.487,  633.075,  628.625,  608.825,  598.562
 11.1287,  565.338,  581.787,  605.975,  613.938,  609.975,  608.025,  633.025,  628.287,  608.763,  597.963
 11.1342,  565.487,  581.275,  605.375,  613.350,  609.600,  607.987,  632.263,  627.412,  608.100,  597.737
 11.1398,  566.112,  581.812,  606.688,  614.625,  610.263,  609.075,  633.525,  629.088,  609.513,  599.312
 11.1453,  565.550,  581.825,  606.500,  614.600,  610.075,  608.300,  633.100,  628.300,  609.013,  599.513
 11.1509,  565.688,  581.575,  605.550,  614.025,  609.537,  608.125,  632.525,  628.088,  608.513,  598.500
 11.1565,  567.287,  582.213,  606.638,  614.987,  610.713,  609.225,  633.787,  629.250,  610.037,  599.875
 11.1620,  566.162,  582.713,  606.650,  614.825,  610.088,  609.400,  633.450,  629.037,  609.675,  599.263
 11.1676,  566.013,  582.162,  605.888,  614.213,  609.787,  608.388,  633.025,  628.575,  609.562,  598.338
 11.1732,  565.388,  581.500,  605.625,  614.138,  609.787,  607.925,  632.287,  628.062,  608.388,  598.050
 11.1787,  564.763,  580.925,  604.912,  612.987,  609.112,  607.062,  631.612,  627.050,  607.975,  597.713
 11.1843,  564.562,  580.050,  604.237,  612.875,  608.500,  606.188,  631.325,  626.638,  606.737,  596.775
 11.1898,  567.787,  583.588,  607.638,  615.188,  611.213,  610.025,  634.650,  629.838,  610.325,  600.763
 11.1953,  566.775,  583.112,  607.225,  615.513,  611.138,  609.763,  634.625,  629.513,  609.975,  600.362
 11.2009,  566.513,  582.525,  606.862,  615.088,  610.638,  609.775,  633.500,  629.312,  609.963,  599.550
 11.2065,  567.287,  583.162,  607.075,  615.213,  611.388,  609.525,  634.725,  629.963,  610.037,  600.000
 11.2120,  566.412,  583.100,  606.975,  614.850,  610.950,  609.275,  633.900,  629.200,  609.862,  599.325
 11.2176,  566.112,  582.213,  606.213,  614.638,  609.725,  608.875,  633.188,  628.562,  608.725,  599.287
 11.2231,  567.862,  583.200,  607.638,  615.775,  611.888,  610.000,  634.525,  629.612,  610.725,  600.625
 11.2287,  567.088,  582.737,  606.588,  615.300,  610.862,  609.312,  634.312,  629.588,  609.850,  599.237
 11.2343,  566.812,  582.525,  606.625,  614.787,  610.513,  609.013,  633.325,  628.825,  609.400,  599.300
 11.2398,  566.362,  582.938,  606.612,  615.250,  610.625,  609.213,  633.912,  630.037,  610.037,  600.088
 11.2454,  566.175,  582.438,  606.162,  614.525,  610.325,  609.300,  633.550,  628.562,  609.150,  599.425
 11.2509,  565.000,  581.312,  605.675,  613.612,  609.213,  607.463,  632.312,  627.850,  607.912,  597.425
 11.2565,  517.463,  532.963,  554.700,  572.275,  571.338,  569.075,  583.162,  590.812,  558.013,  551.850
 11.2620,  517.475,  531.838,  554.950,  571.700,  565.862,  561.775,  582.475,  583.287,  557.025,  548.112
 11.2676,  517.650,  532.025,  554.787,  571.588,  567.150,  563.062,  582.650,  584.475,  557.463,  549.000
 11.2731,  549.225,  563.525,  586.812,  597.350,  595.900,  594.138,  614.425,  614.812,  589.475,  580.800
 11.2787,  563.575,  579.388,  602.987,  610.487,  606.650,  604.300,  629.200,  624.150,  604.925,  594.650
 11.2842,  563.200,  579.312,  602.975,  611.112,  606.300,  604.250,  629.500,  624.325,  604.688,  594.213
 11.2898,  557.375,  573.037,  596.900,  605.312,  600.700,  598.450,  624.013,  618.263,  598.588,  588.162
 11.2953,  565.513,  580.938,  605.325,  612.588,  608.700,  607.287,  631.925,  627.150,  608.400,  597.487
 11.3009,  564.050,  580.537,  604.950,  612.537,  608.700,  606.025,  631.800,  627.200,  607.112,  596.925
 11.3065,  564.662,  581.925,  605.500,  613.450,  609.562,  607.487,  632.350,  627.537,  608.088,  597.862
 11.3120,  564.162,  580.713,  604.888,  612.537,  608.900,  606.925,  631.537,  627.112,  607.600,  597.138
 11.3176,  564.100,  580.325,  603.763,  612.325,  608.275,  606.362,  630.675,  626.350,  607.088,  596.375
 11.3231,  565.250,  580.950,  605.112,  613.287,  609.287,  607.300,  631.825,  627.362,  608.125,  597.612
 11.3287,  564.562,  580.287,  604.312,  612.550,  608.638,  605.725,  631.175,  626.200,  606.725,  596.463
 11.3343,  563.400,  579.875,  603.375,  611.787,  607.925,  605.450,  630.763,  625.638,  605.588,  595.438
 11.3398,  564.575,  580.525,  604.825,  612.688,  608.675,  606.550,  631.425,  626.737,  607.487,  597.412
 11.3453,  564.537,  580.037,  604.188,  612.400,  607.963,  605.938,  631.162,  625.662,  606.625,  596.588
 11.3509,  563.638,  579.775,  603.650,  612.088,  607.750,  605.475,  630.175,  625.188,  605.950,  595.188
 11.3564,  564.875,  579.938,  604.888,  612.850,  608.537,  606.588,  631.100,  626.138,  607.125,  597.050
 11.3620,  563.925,  579.725,  603.888,  612.037,  607.787,  605.800,  630.625,  625.750,  606.550,  595.438
 11.3676,  563.275,  579.312,  603.500,  611.500,  607.375,  604.862,  629.750,  625.263,  605.588,  595.013
 11.3731,  564.175,  580.062,  604.375,  612.275,  608.325,  606.000,  630.638,  626.000,  606.412,  595.875
 11.3787,  563.575,  579.513,  603.275,  611.975,  607.612,  604.950,  630.162,  625.075,  606.000,  595.188
 11.3843,  563.013,  578.888,  603.037,  611.362,  607.300,  604.412,  629.487,  624.588,  604.850,  594.575
 11.3898,  563.688,  579.700,  603.912,  611.825,  607.888,  605.362,  629.500,  625.525,  606.037,  595.537
 11.3953,  563.062,  578.850,  603.438,  611.487,  607.700,  604.737,  630.000,  625.075,  604.963,  594.487
 11.4009,  562.625,  578.450,  603.125,  610.950,  607.050,  604.625,  629.362,  624.975,  605.150,  594.525
 11.4065,  562.675,  579.312,  603.300,  611.263,  607.425,  604.875,  630.000,  625.250,  605.562,  595.388
 11.4120,  562.650,  578.537,  602.513,  610.588,  606.775,  604.725,  629.737,  624.662,  604.987,  594.862
 11.4176,  561.412,  577.763,  602.088,  610.000,  606.075,  604.225,  628.600,  623.938,  604.825,  594.062
 11.4231,  562.575,  578.225,  602.662,  610.875,  606.700,  604.550,  629.612,  624.237,  605.013,  595.050
 11.4287,  561.562,  577.537,  602.075,  609.662,  605.862,  603.200,  628.287,  623.675,  604.350,  593.537
 11.4342,  561.388,  576.725,  601.525,  609.275,  605.312,  602.612,  627.750,  623.100,  603.513,  593.475
 11.4398,  561.775,  578.213,  602.325,  609.900,  606.375,  604.312,  628.438,  624.225,  604.225,  593.575
 11.4454,  561.175,  577.450,  601.450,  609.500,  605.450,  603.450,  627.950,  623.562,  603.750,  592.862
 11.4509,  560.912,  576.562,  601.350,  609.325,  604.862,  602.688,  627.388,  622.388,  603.200,  592.963
 11.4565,  561.550,  577.625,  601.925,  610.263,  605.912,  603.987,  628.688,  623.900,  604.412,  594.250
 11.4620,  561.450,  576.862,  601.575,  609.650,  605.737,  603.237,  627.737,  623.225,  603.662,  593.263
 11.4676,  561.075,  576.725,  601.162,  609.162,  605.037,  602.862,  627.150,  622.638,  602.537,  592.638
 11.4731,  561.850,  577.487,  601.800,  610.162,  605.850,  603.612,  628.200,  623.862,  603.850,  593.513
 11.4787,  561.850,  577.600,  600.688,  609.575,  605.388,  602.675,  627.075,  622.775,  602.812,  592.963
 11.4842,  561.037,  576.888,  600.838,  609.100,  605.000,  602.400,  627.112,  622.287,  602.463,  592.338
 11.4898,  563.025,  578.500,  603.075,  610.975,  606.487,  604.237,  629.175,  624.300,  604.487,  594.338
 11.4954,  562.138,  578.388,  602.900,  610.450,  606.213,  604.000,  628.838,  623.938,  604.125,  593.912
 11.5009,  559.162,  575.125,  599.162,  607.475,  602.862,  599.513,  624.925,  619.950,  600.075,  589.600
 11.5065,  514.600,  528.875,  551.500,  573.800,  560.537,  561.662,  578.963,  574.800,  551.388,  548.013
 11.5120,  514.275,  528.938,  551.300,  566.925,  560.062,  554.575,  577.375,  574.287,  550.475,  543.287
 11.5176,  514.537,  529.500,  551.688,  572.987,  560.812,  560.263,  578.700,  574.825,  551.237,  547.138
 11.5232,  547.475,  562.362,  585.700,  594.400,  589.787,  585.600,  612.150,  606.975,  586.650,  575.675
 11.5287,  560.237,  576.088,  599.638,  607.800,  603.300,  600.175,  625.925,  620.787,  601.250,  590.375
 11.5343,  560.275,  576.125,  599.650,  608.000,  603.138,  600.025,  625.600,  620.513,  601.062,  590.675
 11.5398,  554.662,  570.162,  594.100,  602.237,  597.725,  594.825,  620.088,  615.438,  595.050,  584.688
 11.5454,  563.200,  579.300,  603.013,  611.125,  606.812,  604.912,  630.125,  625.075,  605.275,  595.475
 11.5509,  562.800,  578.938,  602.875,  610.950,  606.875,  604.438,  629.487,  624.463,  604.800,  594.263
 11.5565,  564.150,  579.237,  603.763,  612.037,  607.263,  605.450,  630.487,  625.075,  605.737,  595.675
 11.5620,  562.787,  579.162,  603.362,  611.287,  607.138,  604.600,  629.763,  625.312,  605.000,  594.438
 11.5676,  563.287,  579.138,  603.300,  611.175,  606.900,  604.888,  629.325,  624.800,  605.250,  594.675
 11.5732,  565.300,  581.150,  605.425,  613.275,  608.850,  606.588,  632.062,  627.237,  607.225,  596.750
 11.5787,  565.438,  580.600,  605.088,  612.850,  608.438,  606.412,  631.737,  626.650,  607.400,  596.500
 11.5843,  564.825,  580.912,  604.675,  612.737,  608.775,  605.912,  631.213,  626.388,  606.963,  596.662
 11.5898,  566.075,  581.800,  605.525,  614.188,  609.700,  607.263,  632.513,  627.562,  607.963,  597.312
 11.5954,  565.088,  581.763,  605.362,  613.550,  609.050,  606.787,  631.650,  626.925,  607.450,  597.375
 11.6009,  565.513,  581.000,  604.862,  612.688,  608.737,  606.838,  631.750,  626.475,  607.200,  596.675
 11.6065,  565.150,  582.050,  605.900,  613.562,  609.750,  607.412,  632.450,  627.625,  608.400,  597.200
 11.6120,  565.425,  581.525,  605.812,  613.487,  609.037,  606.950,  632.213,  627.175,  607.775,  597.987
 11.6176,  565.400,  580.425,  605.200,  613.013,  609.025,  606.600,  631.888,  626.588,  607.938,  596.812
 11.6231,  565.425,  581.475,  606.237,  614.150,  610.275,  606.688,  632.200,  627.750,  607.912,  597.475
 11.6287,  565.300,  580.963,  605.412,  613.162,  608.650,  606.562,  631.675,  627.100,  607.225,  597.175
 11.6343,  565.175,  580.838,  605.100,  612.888,  608.588,  606.450,  631.037,  626.725,  607.037,  596.638
 11.6398,  565.787,  581.725,  606.075,  613.838,  609.787,  607.388,  632.438,  627.062,  607.987,  597.438
 11.6454,  565.237,  581.300,  605.675,  613.375,  609.562,  606.875,  632.588,  627.175,  608.025,  597.475
 11.6509,  565.325,  581.588,  605.325,  613.275,  608.975,  606.138,  631.750,  627.112,  607.500,  596.750
 11.6565,  565.675,  581.713,  606.150,  614.263,  609.525,  607.275,  632.862,  627.750,  608.537,  597.950
 11.6620,  565.638,  581.662,  605.312,  613.188,  609.250,  606.963,  631.963,  627.463,  607.987,  597.312
 11.6676,  564.838,  581.425,  605.562,  613.263,  608.938,  606.763,  631.725,  627.138,  607.775,  597.250
 11.6731,  566.450,  582.275,  606.025,  614.500,  609.900,  607.312,  633.075,  628.037,  608.450,  598.250
 11.6787,  566.213,  581.838,  605.688,  613.750,  609.375,  607.412,  632.100,  627.612,  607.775,  597.537
 11.6842,  565.500,  581.338,  605.475,  613.138,  608.638,  606.737,  631.713,  626.500,  607.237,  597.112
 11.6898,  566.225,  582.162,  605.725,  613.537,  609.763,  607.075,  632.525,  627.412,  608.088,  597.463
 11.6954,  565.388,  581.025,  605.487,  614.037,  609.500,  606.575,  631.575,  627.312,  607.638,  597.100
 11.7009,  565.400,  581.475,  604.787,  613.225,  609.062,  606.713,  631.438,  626.225,  606.775,  596.550
 11.7065,  566.112,  582.263,  606.400,  613.800,  609.487,  607.537,  632.700,  627.487,  607.975,  597.225
 11.7121,  566.013,  581.537,  605.500,  613.438,  609.600,  606.912,  631.987,  627.150,  607.938,  596.812
 11.7176,  564.975,  580.888,  604.912,  613.013,  608.950,  606.150,  631.075,  626.088,  606.912,  596.213
 11.7232,  566.213,  582.162,  606.375,  614.425,  609.463,  607.350,  632.325,  627.138,  607.925,  597.800
 11.7287,  565.625,  581.525,  605.675,  613.725,  609.300,  606.450,  631.700,  627.075,  607.625,  597.237
 11.7342,  565.612,  581.200,  604.987,  613.188,  609.438,  606.013,  631.475,  626.562,  606.925,  596.500
 11.7398,  566.500,  582.350,  605.562,  614.338,  610.125,  607.525,  632.513,  627.362,  608.138,  597.475
 11.7454,  566.400,  581.412,  605.862,  613.787,  609.638,  606.600,  631.862,  627.225,  607.537,  597.188
 11.7509,  561.888,  578.600,  602.475,  610.412,  606.213,  603.088,  628.088,  623.575,  603.638,  593.088
 11.7565,  516.338,  531.475,  554.188,  566.575,  560.125,  554.088,  580.438,  576.263,  553.925,  544.138
 11.7620,  516.662,  531.688,  553.750,  565.487,  560.250,  552.838,  579.612,  575.737,  553.200,  544.050
 11.7676,  516.675,  531.600,  553.662,  566.537,  560.625,  553.588,  580.575,  576.475,  554.312,  543.812
 11.7732,  550.112,  565.662,  588.700,  596.950,  592.925,  587.925,  614.062,  609.225,  589.500,  578.550
 11.7787,  563.787,  579.625,  603.400,  611.438,  607.475,  603.237,  629.188,  624.338,  604.000,  593.188
 11.7843,  563.562,  579.088,  603.287,  610.950,  607.237,  602.688,  629.263,  623.763,  604.225,  593.588
 11.7898,  556.400,  572.025,  595.912,  604.350,  599.737,  596.225,  621.750,  617.062,  597.100,  585.838
 11.7954,  564.825,  580.850,  604.775,  613.013,  608.575,  605.950,  631.525,  626.412,  606.537,  596.150
 11.8009,  565.188,  580.562,  604.825,  612.487,  607.925,  605.588,  630.900,  626.250,  606.162,  596.050
 11.8065,  567.062,  582.950,  607.037,  615.025,  610.625,  608.513,  633.513,  629.025,  609.025,  598.713
 11.8120,  566.362,  582.975,  606.425,  614.088,  610.287,  607.900,  633.237,  628.525,  608.362,  598.250
 11.8176,  565.862,  581.750,  605.812,  614.050,  609.662,  607.338,  632.513,  627.713,  607.850,  597.750
 11.8231,  567.275,  582.800,  607.125,  615.412,  611.013,  608.487,  633.675,  628.900,  608.800,  598.612
 11.8287,  566.513,  582.438,  606.662,  614.737,  610.200,  608.500,  633.225,  628.013,  607.950,  597.975
 11.8343,  566.125,  582.013,  605.938,  613.925,  609.688,  606.912,  632.275,  627.850,  608.013,  597.463
 11.8398,  566.550,  582.987,  606.812,  615.463,  610.975,  608.487,  633.412,  628.737,  609.525,  598.875
 11.8454,  566.312,  583.013,  606.513,  614.375,  610.338,  607.975,  633.263,  628.287,  608.700,  597.787
 11.8509,  565.875,  581.975,  605.862,  614.050,  610.013,  607.450,  632.125,  627.513,  608.138,  597.562
 11.8565,  566.987,  582.700,  607.250,  615.300,  610.838,  608.612,  633.763,  629.138,  609.088,  598.325
 11.8621,  566.150,  582.338,  606.388,  614.550,  610.050,  607.725,  632.737,  628.250,  608.638,  597.963
 11.8676,  565.862,  582.188,  606.125,  614.075,  609.675,  606.963,  632.325,  628.112,  607.713,  596.938
 11.8732,  567.688,  583.062,  607.112,  614.862,  611.000,  608.763,  633.600,  629.175,  609.362,  598.600
 11.8787,  566.537,  582.925,  606.800,  614.713,  609.925,  607.963,  633.075,  628.362,  608.912,  597.525
 11.8843,  565.400,  582.213,  606.138,  614.150,  609.588,  607.875,  632.825,  627.963,  608.287,  598.250
 11.8898,  566.737,  583.275,  607.175,  615.900,  611.050,  609.263,  633.838,  629.013,  610.225,  599.375
 11.8954,  566.688,  582.550,  606.825,  615.062,  611.025,  608.350,  633.312,  628.775,  608.862,  598.388
 11.9009,  566.175,  582.412,  606.350,  614.650,  609.938,  607.975,  632.737,  628.350,  608.475,  598.125
 11.9065,  567.312,  583.438,  606.912,  615.487,  611.250,  609.275,  633.550,  628.963,  609.338,  599.062
 11.9120,  566.725,  582.750,  606.812,  615.088,  610.775,  608.688,  633.100,  628.812,  609.287,  598.700
 11.9176,  566.088,  582.475,  606.150,  614.200,  610.112,  608.150,  633.125,  628.287,  608.562,  598.400
 11.9232,  567.037,  582.688,  607.362,  615.237,  610.562,  608.487,  633.875,  628.425,  609.588,  599.025
 11.9287,  566.612,  582.162,  606.725,  614.862,  610.513,  608.050,  632.825,  628.312,  608.713,  598.475
 11.9343,  565.513,  581.338,  606.037,  613.850,  610.013,  607.662,  632.750,  627.787,  608.025,  597.600
 11.9398,  566.737,  582.800,  606.575,  614.325,  609.888,  608.463,  633.812,  628.475,  609.000,  598.075
 11.9454,  565.838,  581.987,  606.200,  614.425,  609.487,  607.425,  632.500,  627.287,  608.188,  597.775
 11.9509,  565.188,  581.112,  605.475,  614.037,  608.975,  607.175,  632.425,  627.362,  607.588,  596.850
 11.9565,  566.375,  582.963,  607.050,  615.237,  610.950,  608.838,  634.075,  628.888,  609.025,  599.162
 11.9620,  566.062,  582.725,  606.612,  615.125,  610.263,  607.938,  633.100,  628.475,  608.450,  598.425
 11.9676,  565.600,  581.912,  605.700,  613.963,  610.100,  607.513,  632.338,  627.650,  608.075,  597.412
 11.9732,  566.425,  582.388,  606.675,  614.938,  610.388,  608.275,  633.338,  628.100,  608.862,  598.100
 11.9787,  565.900,  582.075,  606.562,  614.250,  609.438,  606.737,  632.362,  626.888,  608.100,  597.225
 11.9843,  564.888,  581.388,  605.287,  613.138,  609.188,  606.612,  631.625,  626.950,  607.075,  596.550
 11.9898,  566.450,  582.250,  605.987,  614.263,  609.650,  607.675,  632.362,  627.838,  608.388,  597.375
 11.9954,  565.525,  581.350,  605.688,  613.588,  609.338,  606.450,  631.713,  627.000,  607.250,  596.925
 12.0009,  561.963,  577.938,  602.050,  609.912,  605.675,  602.612,  627.588,  622.675,  602.900,  592.425
 12.0065,  516.075,  530.763,  553.500,  563.838,  564.088,  551.725,  579.325,  574.037,  556.588,  541.487
 12.0120,  516.312,  530.325,  553.362,  563.388,  562.350,  551.088,  578.450,  573.300,  554.650,  541.088
 12.0176,  516.050,  530.888,  553.100,  563.725,  564.125,  551.275,  578.275,  573.550,  556.812,  540.938
 12.0231,  549.588,  564.250,  587.562,  596.000,  591.575,  586.862,  613.100,  607.750,  587.525,  576.638
 12.0287,  562.438,  578.125,  601.638,  610.175,  605.625,  601.562,  627.250,  622.513,  602.412,  591.513
 12.0342,  562.275,  577.800,  601.875,  609.925,  605.562,  601.425,  627.263,  621.963,  602.200,  591.375
 12.0398,  555.662,  571.925,  595.287,  602.725,  598.525,  595.237,  620.713,  615.650,  595.912,  584.825
 12.0454,  563.650,  580.037,  603.862,  612.037,  608.025,  604.938,  629.825,  625.188,  606.088,  595.525
 12.0509,  563.450,  579.600,  603.375,  610.975,  607.600,  604.088,  629.475,  623.875,  605.188,  594.275
 12.0565,  563.450,  579.325,  604.237,  611.950,  607.562,  604.625,  629.838,  624.638,  605.412,  594.938
 12.0621,  563.638,  578.400,  602.925,  611.125,  606.800,  603.975,  629.175,  624.112,  604.838,  593.975
 12.0676,  562.537,  578.812,  602.513,  610.475,  606.350,  602.950,  628.688,  624.200,  603.975,  593.350
 12.0732,  564.375,  580.150,  604.562,  612.450,  608.463,  605.375,  630.787,  625.862,  606.350,  595.650
 12.0787,  563.713,  579.425,  603.312,  611.463,  607.612,  605.000,  629.662,  624.713,  605.400,  594.713
 12.0843,  563.100,  578.950,  603.237,  611.112,  606.838,  603.975,  629.263,  624.875,  604.650,  594.438
 12.0898,  563.975,  580.237,  603.675,  611.938,  607.525,  605.725,  630.338,  625.325,  606.338,  595.100
 12.0954,  563.162,  578.787,  603.125,  611.188,  607.150,  604.513,  629.412,  624.688,  605.675,  594.800
 12.1009,  562.775,  578.175,  602.600,  610.525,  606.675,  603.737,  628.300,  623.775,  604.188,  593.725
 12.1065,  562.713,  579.062,  602.850,  611.338,  607.112,  604.463,  629.862,  624.950,  605.250,  594.900
 12.1120,  562.325,  578.412,  602.338,  610.088,  606.388,  603.575,  628.500,  623.987,  603.938,  593.475
 12.1176,  562.213,  577.725,  601.938,  609.763,  605.838,  603.438,  627.875,  622.700,  603.362,  592.750
 12.1232,  562.350,  578.562,  602.625,  610.312,  606.213,  603.162,  628.412,  623.763,  603.800,  593.050
 12.1287,  561.950,  577.237,  601.825,  609.975,  605.537,  602.338,  627.812,  622.250,  603.075,  592.013
 12.1343,  561.362,  576.950,  601.237,  609.037,  604.987,  601.100,  626.812,  621.725,  601.675,  591.312
 12.1398,  562.588,  578.388,  602.150,  610.188,  606.362,  602.987,  628.263,  623.088,  603.263,  592.412
 12.1454,  562.263,  577.550,  601.825,  609.513,  605.550,  602.725,  627.787,  622.537,  603.213,  592.425
 12.1510,  560.938,  576.825,  601.025,  609.175,  604.625,  602.062,  627.575,  622.013,  602.412,  591.875
 12.1565,  561.812,  577.725,  601.987,  609.862,  605.750,  602.362,  627.975,  622.575,  602.725,  592.763
 12.1621,  560.763,  577.175,  601.013,  609.638,  604.987,  601.250,  627.362,  621.875,  601.850,  591.638
 12.1676,  560.312,  575.975,  600.275,  608.037,  604.200,  600.550,  626.400,  621.025,  601.188,  590.412
 12.1731,  561.037,  576.675,  601.062,  609.088,  605.263,  601.588,  626.763,  621.575,  601.450,  591.425
 12.1787,  560.987,  576.112,  600.412,  608.575,  604.300,  600.200,  626.188,  621.025,  600.612,  590.713
 12.1843,  560.075,  575.700,  599.862,  607.800,  603.675,  600.175,  625.263,  620.312,  599.862,  590.150
 12.1898,  559.950,  575.800,  600.075,  607.713,  604.000,  600.088,  625.800,  620.825,  600.838,  590.412
 12.1954,  560.162,  575.713,  599.338,  607.350,  603.537,  599.112,  624.987,  620.600,  599.725,  589.662
 12.2009,  559.050,  575.075,  599.075,  606.825,  602.388,  598.600,  624.188,  619.100,  599.075,  588.838
 12.2065,  560.912,  576.838,  600.838,  608.800,  604.550,  600.938,  627.037,  621.900,  601.338,  591.537
 12.2121,  560.025,  576.150,  600.475,  607.987,  604.362,  600.225,  626.062,  620.400,  600.787,  590.250
 12.2176,  559.562,  575.000,  599.450,  607.750,  603.250,  598.825,  625.088,  619.525,  600.075,  589.925
 12.2232,  560.338,  576.112,  600.475,  608.600,  604.188,  601.037,  626.638,  621.037,  601.225,  590.888
 12.2287,  559.737,  575.450,  599.388,  607.763,  603.500,  600.112,  625.612,  620.100,  600.438,  590.388
 12.2343,  559.175,  574.713,  599.188,  606.750,  602.350,  599.562,  624.750,  619.938,  599.638,  589.362
 12.2398,  560.088,  575.250,  599.438,  607.500,  603.725,  600.513,  625.263,  620.875,  600.775,  590.375
 12.2454,  559.350,  574.850,  598.925,  606.975,  603.112,  599.062,  625.375,  619.775,  600.037,  589.612
 12.2509,  555.338,  571.588,  595.550,  603.975,  599.713,  595.725,  621.275,  615.700,  596.100,  585.225
 12.2565,  512.188,  526.438,  549.425,  565.225,  567.750,  549.800,  574.287,  572.537,  559.300,  539.912
 12.2620,  512.100,  526.713,  549.213,  563.150,  561.700,  546.725,  574.338,  570.325,  551.700,  537.150
 12.2676,  512.600,  526.725,  549.388,  565.037,  567.513,  549.625,  574.700,  572.375,  558.700,  539.400
 12.2731,  544.925,  559.537,  582.950,  591.162,  587.425,  581.438,  607.737,  602.650,  583.000,  571.987
 12.2787,  557.650,  573.175,  597.162,  604.500,  600.463,  597.150,  622.750,  617.213,  596.763,  586.975
 12.2843,  557.925,  573.388,  597.562,  604.737,  600.450,  596.800,  622.750,  617.500,  597.650,  586.550
 12.2898,  551.438,  566.150,  590.013,  598.438,  594.425,  590.013,  615.588,  610.725,  590.600,  580.000
 12.2954,  559.662,  575.175,  599.475,  607.188,  603.350,  599.625,  624.812,  620.162,  599.763,  589.763
 12.3010,  559.425,  575.438,  598.950,  607.062,  602.638,  599.175,  624.487,  619.000,  599.225,  588.925
 12.3065,  561.688,  577.675,  601.500,  609.400,  605.650,  601.800,  627.625,  621.838,  602.287,  591.875
 12.3121,  561.263,  577.025,  601.688,  609.050,  604.862,  601.500,  627.612,  621.700,  602.088,  591.213
 12.3176,  560.987,  576.987,  601.463,  608.825,  604.763,  600.737,  626.425,  621.862,  601.737,  590.775
 12.3231,  562.000,  578.037,  601.675,  611.138,  606.250,  602.400,  627.650,  622.537,  602.575,  591.675
 12.3287,  561.550,  577.213,  601.662,  610.375,  605.625,  601.400,  627.338,  621.975,  602.175,  591.550
 12.3343,  560.963,  577.338,  601.062,  608.900,  604.838,  601.375,  626.963,  621.750,  602.100,  591.088
 12.3398,  561.862,  577.825,  601.888,  610.175,  605.725,  602.725,  628.400,  623.100,  602.987,  593.350
 12.3454,  561.900,  577.662,  601.963,  609.987,  605.325,  602.287,  627.500,  622.725,  602.875,  592.362
 12.3509,  561.888,  577.162,  601.688,  609.175,  605.375,  601.500,  627.200,  621.987,  601.975,  591.688
 12.3565,  562.263,  579.150,  603.025,  611.050,  606.925,  603.950,  629.725,  624.438,  605.200,  594.625
 12.3621,  562.825,  578.237,  602.525,  610.675,  606.412,  603.438,  629.475,  623.500,  604.312,  593.513
 12.3676,  562.100,  578.100,  602.487,  610.612,  606.037,  602.500,  628.062,  623.138,  603.438,  592.300
 12.3732,  563.237,  579.287,  603.388,  610.737,  607.037,  603.188,  629.362,  624.237,  603.850,  593.388
 12.3787,  563.275,  578.575,  603.112,  610.912,  606.400,  603.263,  628.912,  623.975,  603.800,  593.475
 12.3843,  562.550,  578.162,  602.938,  610.737,  606.112,  603.275,  628.875,  623.888,  603.713,  593.000
 12.3898,  563.263,  579.100,  603.350,  611.150,  606.975,  603.775,  629.188,  624.650,  604.075,  593.825
 12.3954,  563.050,  578.650,  602.425,  610.600,  605.588,  602.625,  627.787,  623.338,  603.362,  592.725
 12.4009,  562.100,  577.925,  602.250,  610.112,  605.763,  601.875,  627.537,  622.675,  602.787,  592.338
 12.4065,  564.412,  580.275,  604.725,  612.200,  608.125,  604.550,  630.062,  625.125,  605.475,  594.450
 12.4121,  563.938,  579.875,  604.188,  612.275,  607.975,  604.025,  629.688,  624.162,  604.775,  594.375
 12.4176,  563.438,  579.375,  603.450,  611.725,  606.862,  603.388,  628.812,  623.838,  604.287,  593.487
 12.4232,  564.338,  580.263,  604.400,  612.138,  607.875,  603.850,  629.588,  625.000,  605.312,  594.700
 12.4287,  563.963,  580.088,  603.688,  611.350,  607.475,  604.188,  629.425,  624.438,  604.737,  594.250
 12.4343,  563.425,  579.888,  603.450,  611.362,  607.188,  602.900,  629.338,  624.013,  604.225,  593.050
 12.4398,  564.537,  580.450,  604.612,  612.125,  608.400,  604.225,  630.138,  625.300,  605.287,  594.612
 12.4454,  563.688,  579.912,  603.763,  611.550,  607.425,  603.588,  629.787,  624.537,  604.812,  593.900
 12.4509,  563.588,  579.750,  603.562,  611.588,  607.287,  603.575,  629.638,  624.088,  604.325,  594.100
 12.4565,  565.500,  581.150,  605.575,  613.438,  609.612,  605.763,  630.925,  626.275,  606.250,  595.763
 12.4621,  564.713,  581.225,  604.912,  613.100,  608.525,  605.350,  630.812,  625.675,  605.775,  595.225
 12.4676,  564.838,  580.575,  604.463,  612.600,  608.175,  605.150,  630.075,  625.250,  605.775,  594.525
 12.4732,  565.575,  580.850,  604.963,  613.312,  609.050,  605.250,  630.675,  625.575,  606.225,  595.550
 12.4788,  564.737,  581.025,  604.650,  612.450,  607.888,  604.513,  630.287,  624.875,  604.950,  595.000
 12.4843,  564.300,  580.350,  603.537,  611.562,  608.000,  604.763,  630.037,  624.537,  604.438,  594.362
 12.4898,  565.375,  581.062,  605.500,  613.162,  608.700,  605.725,  630.838,  625.737,  606.025,  595.588
 12.4954,  564.725,  580.662,  604.537,  612.675,  608.088,  604.662,  630.037,  625.250,  605.412,  594.650
 12.5009,  561.013,  577.275,  601.725,  609.225,  604.600,  600.850,  626.025,  621.300,  601.412,  590.213
 12.5065,  515.750,  530.287,  553.000,  579.463,  577.475,  550.763,  577.812,  590.237,  553.838,  539.125
 12.5121,  515.912,  530.388,  552.963,  571.562,  569.263,  550.100,  577.188,  583.450,  551.412,  539.412
 12.5176,  516.275,  530.388,  553.025,  579.325,  577.138,  551.075,  577.713,  590.838,  554.025,  540.662
 12.5232,  549.750,  564.838,  587.575,  596.600,  592.562,  587.175,  613.763,  609.200,  588.312,  577.412
 12.5287,  562.625,  578.775,  602.162,  610.275,  605.162,  602.688,  627.800,  622.888,  603.013,  592.275
 12.5343,  562.375,  579.362,  602.275,  610.025,  605.775,  602.175,  627.350,  622.388,  602.900,  592.263
 12.5399,  557.400,  572.987,  596.550,  604.912,  600.638,  596.412,  622.800,  617.213,  597.312,  586.662
 12.5454,  565.600,  581.237,  605.688,  613.287,  609.000,  606.550,  631.250,  626.375,  606.537,  596.263
 12.5510,  564.075,  580.600,  604.950,  612.463,  608.438,  605.350,  630.787,  626.025,  606.213,  595.562
 12.5565,  564.862,  580.850,  605.062,  612.725,  608.250,  605.450,  631.325,  625.825,  606.062,  595.338
 12.5621,  564.150,  580.475,  604.375,  612.112,  607.775,  604.700,  630.175,  625.000,  605.300,  595.150
 12.5676,  563.350,  579.600,  603.263,  611.263,  606.862,  603.150,  628.862,  624.188,  603.763,  593.138
 12.5732,  565.812,  581.875,  605.987,  613.912,  610.300,  606.850,  631.862,  626.325,  606.900,  596.325
 12.5787,  565.138,  580.825,  604.912,  613.475,  609.188,  605.237,  630.713,  625.562,  605.938,  595.612
 12.5843,  564.650,  580.500,  604.450,  612.088,  608.812,  605.075,  630.775,  625.237,  605.250,  595.150
 12.5898,  564.938,  580.463,  604.450,  612.825,  608.575,  605.088,  631.263,  625.675,  605.763,  594.925
 12.5954,  564.025,  579.625,  603.838,  612.013,  607.525,  603.950,  629.850,  624.438,  604.675,  593.662
 12.6009,  563.250,  578.862,  603.112,  610.875,  606.750,  603.225,  628.638,  623.688,  603.525,  592.900
 12.6065,  563.438,  579.675,  603.862,  611.700,  607.487,  603.650,  629.825,  624.175,  604.862,  594.050
 12.6121,  562.850,  579.075,  603.100,  610.950,  606.700,  602.537,  629.188,  623.963,  603.537,  593.175
 12.6176,  562.500,  578.438,  602.525,  610.050,  605.500,  602.275,  628.375,  622.800,  602.575,  591.787
 12.6232,  564.200,  579.588,  603.388,  611.900,  607.438,  604.250,  629.700,  624.050,  604.625,  593.862
 12.6287,  562.675,  578.750,  602.925,  610.862,  606.950,  603.013,  628.575,  623.487,  603.350,  592.862
 12.6343,  562.225,  577.550,  601.700,  609.987,  605.487,  602.500,  627.675,  623.125,  603.225,  592.412
 12.6398,  562.638,  578.463,  603.162,  610.662,  606.350,  602.963,  628.400,  623.850,  603.700,  593.775
 12.6454,  561.963,  577.737,  601.875,  610.025,  606.100,  602.412,  627.688,  623.037,  603.362,  592.162
 12.6509,  561.225,  577.150,  601.075,  609.300,  605.237,  601.925,  627.438,  622.237,  602.475,  591.912
 12.6565,  562.062,  577.987,  601.700,  609.950,  605.950,  602.325,  628.138,  622.862,  603.088,  592.562
 12.6621,  561.062,  577.237,  601.237,  608.600,  604.850,  601.062,  626.463,  621.900,  601.638,  591.025
 12.6676,  560.463,  576.112,  600.263,  608.325,  604.237,  600.075,  625.700,  620.812,  600.725,  589.938
 12.6732,  561.825,  577.625,  601.475,  609.750,  605.500,  601.850,  627.650,  622.700,  602.812,  592.550
 12.6788,  560.750,  577.175,  601.175,  609.150,  604.750,  601.150,  626.787,  621.638,  601.850,  591.425
 12.6843,  560.125,  575.875,  599.612,  608.000,  603.938,  599.912,  625.725,  621.412,  601.287,  590.625
 12.6898,  560.438,  576.200,  600.263,  608.100,  604.125,  599.862,  625.650,  620.812,  600.838,  590.100
 12.6954,  559.850,  575.088,  599.037,  607.287,  603.362,  599.037,  624.888,  619.550,  599.425,  588.875
 12.7009,  559.112,  574.300,  598.525,  606.125,  602.612,  598.088,  624.100,  618.938,  598.650,  588.525
 12.7065,  560.912,  576.388,  601.000,  608.950,  604.562,  600.500,  626.850,  621.588,  601.562,  590.612
 12.7121,  560.900,  576.162,  600.775,  608.175,  604.150,  599.787,  625.525,  620.725,  601.062,  590.025
 12.7176,  560.037,  575.200,  599.612,  607.263,  603.350,  599.150,  624.737,  619.737,  599.588,  589.150
 12.7232,  560.375,  575.763,  600.037,  608.162,  603.562,  599.912,  625.812,  620.388,  600.550,  590.125
 12.7288,  559.213,  575.312,  599.438,  606.938,  602.875,  598.963,  624.213,  619.175,  599.450,  588.975
 12.7343,  559.225,  574.987,  598.525,  606.513,  602.300,  598.150,  624.312,  619.213,  599.188,  588.350
 12.7398,  560.562,  576.162,  600.537,  608.763,  604.275,  600.200,  626.850,  621.263,  601.525,  590.787
 12.7454,  559.800,  575.625,  599.675,  608.013,  603.875,  599.325,  625.588,  620.475,  600.275,  589.800
 12.7509,  555.650,  572.200,  596.575,  603.800,  599.700,  594.775,  621.688,  615.700,  595.888,  584.838
 12.7565,  511.975,  525.862,  549.213,  562.963,  559.588,  545.787,  573.013,  579.200,  545.787,  534.700
 12.7620,  512.200,  526.312,  548.537,  557.975,  553.700,  544.250,  572.912,  570.775,  545.838,  533.925
 12.7676,  512.162,  526.287,  548.625,  561.375,  557.612,  546.062,  573.075,  577.575,  546.125,  535.862
 12.7732,  545.375,  560.275,  583.675,  592.412,  588.525,  581.338,  609.425,  604.162,  582.938,  572.013
 12.7787,  558.725,  575.112,  598.812,  606.025,  602.250,  597.375,  623.463,  618.213,  598.050,  587.675
 12.7843,  559.200,  574.700,  598.525,  606.575,  601.888,  597.550,  623.638,  618.300,  598.088,  587.938
 12.7899,  551.525,  566.875,  591.463,  599.237,  595.100,  590.188,  616.537,  610.650,  590.725,  580.312
 12.7954,  559.200,  575.150,  599.338,  607.588,  603.112,  599.175,  624.450,  619.037,  599.350,  588.900
 12.8010,  558.600,  574.325,  598.362,  606.550,  602.400,  598.425,  624.412,  618.575,  599.138,  588.150
 12.8065,  560.787,  576.450,  600.625,  608.600,  604.612,  600.475,  626.175,  621.362,  601.250,  591.213
 12.8121,  559.525,  575.812,  600.175,  608.213,  603.625,  599.362,  625.875,  620.350,  600.225,  589.775
 12.8176,  559.438,  574.612,  599.250,  606.700,  603.075,  598.537,  624.525,  619.188,  600.125,  588.713
 12.8232,  560.575,  575.800,  600.237,  608.150,  604.150,  599.888,  626.175,  620.800,  601.025,  590.263
 12.8287,  559.975,  575.500,  599.750,  607.338,  603.237,  599.550,  625.025,  619.838,  599.525,  589.050
 12.8343,  559.088,  575.088,  599.263,  606.475,  602.812,  598.537,  624.325,  619.250,  599.737,  588.650
 12.8399,  559.588,  575.537,  600.088,  607.688,  603.862,  599.888,  625.213,  620.300,  600.463,  590.200
 12.8454,  558.638,  574.787,  598.725,  606.600,  603.162,  598.975,  624.362,  618.812,  599.138,  588.425
 12.8510,  558.737,  574.000,  598.925,  606.062,  602.037,  598.162,  624.438,  618.888,  599.325,  588.763
 12.8565,  559.875,  575.862,  600.388,  608.250,  603.888,  600.675,  626.125,  621.425,  601.062,  590.525
 12.8621,  559.175,  575.325,  599.312,  607.225,  603.700,  599.612,  625.400,  620.150,  600.225,  589.912
 12.8676,  559.125,  574.338,  599.388,  606.938,  603.338,  599.263,  625.000,  619.338,  600.088,  589.188
 12.8732,  558.763,  575.037,  599.287,  607.175,  603.013,  598.963,  625.000,  619.162,  599.700,  589.312
 12.8787,  558.188,  574.150,  598.800,  606.300,  602.162,  597.775,  623.850,  618.537,  598.588,  588.050
 12.8843,  558.013,  573.650,  597.950,  605.975,  601.625,  597.213,  623.675,  618.500,  597.963,  587.537
 12.8898,  559.987,  575.400,  600.200,  607.600,  603.987,  600.188,  626.350,  621.175,  600.987,  590.237
 12.8954,  559.487,  574.888,  598.862,  607.475,  603.850,  599.938,  625.312,  620.125,  600.625,  590.088
 12.9010,  558.787,  574.588,  598.650,  606.737,  602.325,  599.213,  624.237,  619.362,  599.925,  588.787
 12.9065,  559.388,  574.800,  599.412,  607.338,  603.412,  599.662,  625.688,  620.062,  600.425,  589.825
 12.9121,  558.700,  574.062,  598.550,  606.513,  602.412,  598.562,  624.037,  618.787,  599.075,  588.525
 12.9176,  558.050,  573.475,  598.075,  605.987,  601.787,  597.950,  623.825,  618.475,  598.650,  587.900
 12.9232,  559.388,  575.213,  599.500,  607.600,  603.175,  599.575,  625.400,  620.237,  600.237,  589.638
 12.9287,  558.888,  574.650,  598.875,  606.513,  602.400,  599.513,  624.188,  619.525,  599.838,  588.862
 12.9343,  557.987,  574.125,  598.062,  606.013,  601.950,  597.862,  623.700,  618.925,  598.513,  587.888
 12.9398,  559.175,  574.275,  599.688,  606.500,  602.800,  599.338,  625.025,  619.487,  599.537,  589.088
 12.9454,  558.662,  574.475,  598.263,  606.438,  602.112,  598.312,  624.100,  619.000,  598.588,  588.625
 12.9510,  557.750,  573.237,  598.088,  605.537,  601.675,  597.450,  623.037,  618.388,  598.412,  587.612
 12.9565,  559.612,  575.125,  599.000,  607.438,  603.312,  600.312,  625.362,  620.400,  600.125,  589.638
 12.9621,  558.575,  574.575,  598.537,  606.737,  602.312,  599.463,  624.650,  619.912,  599.763,  589.425
 12.9676,  557.912,  573.638,  597.912,  606.037,  601.775,  598.550,  624.250,  618.888,  599.025,  588.487
 12.9732,  558.438,  574.225,  598.237,  605.963,  602.263,  598.862,  624.350,  619.175,  599.588,  588.825
 12.9787,  558.213,  573.575,  597.475,  605.463,  601.888,  597.950,  623.662,  618.487,  598.987,  588.088
 12.9843,  557.375,  572.825,  597.025,  604.912,  600.825,  597.513,  623.075,  618.250,  597.713,  587.213
 12.9898,  559.638,  574.525,  598.900,  607.325,  603.550,  600.025,  625.537,  620.250,  600.463,  590.138
 12.9954,  558.588,  574.312,  598.438,  606.662,  602.150,  599.000,  624.362,  619.438,  599.575,  589.125
 13.0009,  555.425,  571.200,  595.412,  603.312,  599.013,  595.500,  621.175,  615.838,  595.287,  585.500
 13.0065,  510.862,  525.550,  547.800,  559.775,  555.987,  544.438,  572.475,  575.150,  546.138,  533.987
 13.0120,  510.487,  525.188,  547.463,  559.737,  556.425,  543.838,  572.388,  574.338,  545.325,  533.500
 13.0176,  510.837,  525.275,  548.275,  559.513,  555.950,  544.400,  572.775,  576.162,  546.412,  534.400
