Time_UT,75.125MHz,152.750MHz,243.313MHz,325.250MHz,411.500MHz,480.500MHz,609.875MHz,687.500MHz,791.000MHz,842.750MHz,SW-version 1.24, e-Callisto,pwm=120
  9.2072,  567.938,  577.475,  602.938,  611.050,  606.425,  605.775,  629.787,  625.275,  605.925,  596.213
  9.2127,  568.625,  585.200,  609.562,  617.088,  612.838,  611.375,  636.138,  631.350,  611.362,  601.862
  9.2182,  567.850,  584.150,  608.213,  616.362,  611.888,  610.112,  634.487,  629.812,  610.050,  599.675
  9.2238,  567.138,  583.500,  606.850,  614.938,  610.600,  608.275,  633.463,  628.800,  609.150,  598.312
  9.2293,  567.638,  584.463,  607.662,  615.388,  611.450,  609.625,  634.325,  629.500,  610.338,  599.600
  9.2349,  574.963,  591.000,  614.562,  623.013,  619.000,  618.075,  642.025,  637.888,  618.425,  608.362
  9.2405,  555.825,  572.450,  595.588,  603.463,  599.175,  595.475,  621.237,  615.800,  595.875,  585.825
  9.2460,  569.862,  585.925,  609.388,  617.700,  613.463,  612.350,  636.675,  632.100,  613.037,  602.412
  9.2516,  564.800,  581.463,  604.275,  612.737,  608.200,  606.600,  631.188,  626.925,  607.075,  596.688
  9.2572,  573.875,  590.150,  614.188,  622.162,  618.037,  617.225,  641.475,  636.787,  617.300,  607.112
  9.2627,  565.750,  582.188,  606.075,  613.775,  609.775,  608.062,  632.562,  627.438,  608.062,  597.300
  9.2682,  549.075,  565.300,  588.612,  595.950,  591.912,  587.125,  613.050,  607.963,  587.850,  576.963
  9.2738,  562.800,  579.225,  602.463,  610.425,  606.275,  603.800,  628.775,  624.000,  604.138,  593.900
  9.2793,  573.612,  589.625,  613.425,  621.112,  617.225,  616.162,  640.550,  635.763,  616.575,  606.200
  9.2849,  573.375,  590.138,  613.850,  622.213,  617.537,  616.450,  640.588,  636.112,  617.575,  606.625
  9.2905,  572.900,  589.513,  613.275,  621.138,  617.162,  615.713,  640.225,  635.875,  616.487,  605.825
  9.2960,  573.662,  590.275,  613.838,  622.162,  618.237,  616.525,  641.100,  636.112,  616.688,  606.662
  9.3016,  573.612,  590.438,  613.688,  621.688,  617.325,  616.737,  640.825,  636.150,  617.100,  606.838
  9.3071,  572.487,  589.750,  613.013,  620.650,  617.162,  616.062,  640.100,  635.963,  616.525,  605.850
  9.7556,  530.775,  539.037,  559.025,  569.250,  565.000,  563.350,  586.162,  581.500,  552.562,  544.300
  9.7612,  522.875,  538.400,  560.713,  571.200,  565.737,  560.750,  586.575,  581.250,  559.463,  549.750
  9.7667,  522.775,  538.525,  560.162,  571.287,  566.237,  560.575,  586.513,  580.763,  559.175,  549.125
  9.7723,  551.775,  567.000,  590.188,  598.700,  594.362,  592.312,  616.425,  611.925,  591.025,  582.138
  9.7779,  570.975,  587.263,  610.912,  618.713,  614.350,  612.075,  636.862,  632.737,  612.650,  602.312
  9.7834,  570.737,  587.412,  611.150,  618.787,  614.362,  612.013,  637.025,  632.062,  612.800,  602.013
  9.7889,  568.075,  584.100,  607.325,  615.500,  611.450,  609.150,  634.425,  629.500,  609.787,  599.350
  9.7945,  573.650,  590.425,  613.900,  622.100,  617.750,  616.438,  640.838,  636.925,  617.200,  606.812
  9.8000,  573.312,  590.050,  613.450,  621.600,  617.537,  616.000,  640.263,  635.987,  617.062,  605.938
  9.8056,  574.025,  590.750,  614.213,  622.725,  618.800,  617.650,  641.675,  636.812,  617.588,  607.575
  9.8112,  573.888,  590.938,  614.150,  622.213,  618.225,  616.612,  641.287,  636.925,  617.950,  606.850
  9.8167,  573.175,  589.862,  613.438,  622.025,  617.600,  616.275,  640.425,  636.300,  616.500,  606.400
  9.8223,  573.562,  590.013,  613.750,  622.200,  617.950,  616.812,  641.162,  636.562,  617.525,  606.638
  9.8279,  573.638,  589.612,  613.638,  622.050,  617.825,  616.612,  641.037,  636.213,  616.787,  606.287
  9.8334,  572.550,  589.575,  613.287,  621.300,  616.963,  616.000,  640.263,  635.675,  616.675,  605.612
  9.8389,  573.700,  590.475,  613.925,  622.125,  618.325,  616.838,  641.050,  636.675,  617.325,  606.525
  9.8445,  573.438,  590.500,  614.062,  622.287,  618.138,  616.475,  641.487,  636.838,  617.050,  606.825
  9.8500,  573.412,  589.987,  613.350,  621.537,  617.463,  616.263,  640.513,  635.975,  616.225,  606.025
  9.8556,  573.838,  590.338,  613.925,  622.162,  618.250,  616.900,  641.388,  636.900,  617.625,  606.950
  9.8612,  574.013,  590.350,  613.525,  622.025,  617.812,  616.713,  640.950,  636.825,  617.150,  606.925
  9.8667,  573.138,  589.625,  613.537,  621.550,  617.162,  616.263,  640.263,  636.325,  616.625,  605.888
  9.8723,  573.862,  590.775,  613.612,  622.250,  617.975,  616.550,  641.338,  636.800,  617.850,  606.900
  9.8779,  573.862,  590.150,  614.050,  622.213,  617.725,  616.688,  640.963,  636.737,  617.138,  606.562
  9.8834,  572.900,  589.675,  613.138,  621.500,  617.200,  615.862,  640.388,  636.150,  616.300,  605.987
  9.8890,  573.250,  589.562,  613.362,  621.425,  617.612,  616.475,  641.237,  636.787,  617.125,  606.412
  9.8945,  573.250,  589.700,  613.438,  622.013,  617.612,  616.287,  640.775,  636.350,  616.425,  606.025
  9.9000,  572.525,  588.875,  613.088,  620.975,  616.575,  615.312,  639.750,  635.037,  615.888,  605.375
  9.9056,  573.425,  589.763,  613.550,  622.575,  617.675,  616.650,  640.737,  636.862,  616.787,  606.425
  9.9111,  573.213,  589.638,  613.162,  621.537,  617.562,  615.963,  639.950,  635.987,  616.750,  606.300
  9.9167,  572.500,  589.013,  612.812,  621.112,  617.175,  615.700,  640.037,  635.263,  615.438,  605.550
  9.9223,  573.562,  590.300,  613.650,  621.938,  617.400,  616.638,  641.513,  636.638,  617.275,  606.550
  9.9278,  573.612,  589.825,  613.625,  622.075,  617.400,  616.213,  640.412,  636.725,  616.850,  606.500
  9.9334,  572.513,  589.050,  613.088,  621.213,  616.725,  615.325,  639.850,  635.700,  616.188,  606.013
  9.9390,  573.312,  589.987,  614.125,  622.438,  618.013,  616.812,  640.975,  636.562,  617.250,  607.450
  9.9445,  573.412,  589.750,  613.562,  622.125,  617.737,  616.213,  640.938,  636.287,  617.000,  606.650
  9.9501,  572.675,  589.312,  613.662,  621.400,  617.450,  616.013,  640.162,  636.112,  616.412,  606.088
  9.9556,  573.200,  589.800,  613.487,  621.662,  617.625,  616.250,  640.688,  636.200,  616.612,  606.450
  9.9612,  572.325,  589.312,  613.188,  621.025,  616.750,  615.600,  640.388,  635.700,  615.950,  605.963
  9.9667,  571.862,  588.737,  612.812,  620.588,  615.975,  614.912,  639.463,  634.787,  615.088,  605.325
  9.9723,  572.825,  589.575,  613.450,  621.838,  616.888,  615.963,  640.938,  635.800,  616.562,  606.350
  9.9778,  573.162,  589.562,  613.713,  621.612,  617.050,  615.713,  640.050,  636.188,  616.162,  605.912
  9.9834,  572.125,  588.638,  612.350,  620.450,  616.625,  615.050,  639.312,  635.200,  615.700,  605.125
  9.9890,  573.400,  589.612,  613.237,  621.825,  616.925,  616.487,  640.625,  636.500,  617.450,  606.225
  9.9945,  573.225,  589.675,  613.263,  621.688,  617.400,  615.925,  640.362,  635.700,  616.638,  606.450
 10.0001,  571.925,  589.100,  612.737,  620.475,  616.575,  615.300,  639.713,  635.213,  615.612,  605.338
 10.0056,  529.338,  546.487,  568.487,  584.713,  585.925,  575.438,  597.612,  595.237,  581.675,  568.088
 10.0112,  522.987,  538.050,  560.350,  574.263,  584.013,  567.838,  588.375,  589.412,  578.787,  564.312
 10.0167,  523.200,  538.750,  560.388,  573.800,  584.050,  567.438,  587.725,  589.325,  578.513,  564.125
 10.0223,  550.213,  566.150,  588.425,  601.713,  597.675,  591.963,  617.162,  612.550,  594.325,  582.675
 10.0278,  570.125,  586.912,  609.838,  617.975,  613.812,  611.150,  636.300,  631.250,  611.537,  601.250
 10.0334,  570.175,  587.325,  610.025,  617.975,  613.525,  611.213,  636.463,  631.200,  611.400,  601.075
 10.0390,  566.188,  582.338,  605.975,  613.675,  609.862,  607.112,  632.513,  627.513,  608.225,  597.425
 10.0445,  572.850,  589.300,  612.912,  621.550,  617.225,  615.325,  640.125,  635.812,  616.638,  605.537
 10.0501,  572.362,  588.850,  612.375,  621.000,  616.750,  615.438,  639.838,  634.963,  615.438,  605.450
 10.0556,  573.675,  589.438,  613.737,  621.888,  617.525,  616.675,  640.800,  636.263,  616.888,  606.625
 10.0612,  572.550,  590.088,  613.175,  622.000,  617.763,  616.912,  640.575,  636.300,  616.713,  606.200
 10.0667,  572.138,  589.763,  613.650,  621.400,  616.650,  615.838,  640.225,  635.312,  616.438,  606.037
 10.0723,  573.662,  590.000,  613.963,  622.625,  618.162,  616.888,  640.600,  636.662,  617.225,  606.850
 10.0778,  573.812,  589.562,  613.425,  622.037,  617.713,  616.688,  641.100,  636.550,  616.725,  606.312
 10.0834,  572.763,  589.150,  613.412,  621.438,  617.100,  615.688,  640.088,  635.562,  616.225,  605.888
 10.0890,  573.338,  590.575,  614.425,  622.312,  618.150,  617.125,  641.075,  636.925,  617.763,  607.287
 10.0945,  573.575,  589.825,  614.525,  622.050,  617.812,  616.912,  641.188,  636.737,  617.125,  606.737
 10.1001,  572.963,  589.525,  613.225,  621.938,  617.287,  616.400,  640.725,  636.450,  616.888,  606.338
 10.1056,  574.000,  589.787,  613.850,  621.963,  618.175,  616.725,  640.438,  636.450,  616.675,  606.500
 10.1112,  573.500,  589.713,  613.787,  621.450,  617.237,  616.188,  640.963,  636.300,  616.237,  606.275
 10.1167,  572.650,  588.763,  612.838,  621.225,  617.075,  615.575,  639.812,  635.875,  615.562,  605.550
 10.1223,  573.675,  589.875,  613.725,  621.925,  617.812,  616.888,  641.412,  636.750,  617.200,  607.338
 10.1278,  573.675,  589.875,  613.963,  621.900,  617.737,  616.425,  640.975,  636.075,  617.213,  606.575
 10.1334,  573.000,  589.638,  613.100,  622.213,  617.650,  616.300,  640.700,  636.312,  616.287,  606.062
 10.1390,  573.688,  590.150,  613.900,  622.487,  618.612,  617.263,  641.213,  637.075,  617.650,  607.138
 10.1445,  573.963,  589.875,  614.287,  621.975,  617.713,  617.025,  641.175,  637.112,  617.250,  606.575
 10.1501,  573.125,  589.537,  613.750,  621.950,  617.388,  616.162,  640.513,  636.513,  616.812,  606.287
 10.1556,  574.287,  590.763,  614.525,  622.575,  618.912,  617.075,  641.600,  636.925,  617.737,  606.875
 10.1612,  574.088,  590.300,  614.125,  621.550,  618.013,  617.000,  640.888,  636.888,  616.800,  606.950
 10.1667,  573.225,  589.713,  613.612,  622.088,  617.625,  616.750,  640.688,  635.875,  617.000,  606.375
 10.1723,  574.013,  590.550,  614.450,  622.112,  618.825,  617.300,  642.050,  636.800,  617.688,  607.125
 10.1778,  573.900,  590.112,  613.987,  622.075,  617.612,  616.688,  640.975,  636.588,  617.275,  607.138
 10.1834,  573.450,  589.550,  613.263,  621.625,  617.550,  616.450,  640.162,  636.188,  617.062,  605.975
 10.1889,  574.150,  590.700,  614.338,  622.912,  618.287,  617.425,  641.362,  637.425,  617.713,  607.188
 10.1945,  573.475,  590.537,  614.338,  622.438,  618.300,  616.850,  641.525,  637.175,  617.513,  606.938
 10.2001,  573.638,  589.875,  613.888,  622.350,  617.862,  616.638,  640.612,  636.138,  617.150,  606.450
 10.2056,  573.925,  590.675,  614.125,  622.062,  618.700,  616.987,  641.062,  636.675,  617.638,  606.787
 10.2112,  573.525,  589.500,  614.438,  621.800,  618.062,  616.825,  640.662,  636.763,  616.650,  606.562
 10.2167,  572.737,  589.037,  613.275,  621.550,  617.537,  615.500,  640.037,  635.662,  616.450,  605.938
 10.2223,  574.263,  590.662,  614.125,  622.362,  618.325,  616.838,  641.338,  636.862,  617.513,  607.213
 10.2278,  573.975,  589.875,  614.125,  621.875,  618.763,  616.888,  641.388,  636.838,  616.737,  606.662
 10.2334,  573.600,  589.775,  613.800,  621.850,  617.775,  616.487,  640.638,  635.850,  616.350,  606.250
 10.2389,  574.250,  590.112,  614.412,  622.562,  618.325,  617.475,  641.787,  637.537,  618.062,  607.000
 10.2445,  573.862,  590.500,  614.250,  622.775,  618.537,  617.112,  641.438,  636.675,  617.200,  606.800
 10.2501,  573.638,  590.188,  613.638,  622.250,  617.900,  616.338,  641.025,  636.162,  616.775,  606.625
 10.2556,  529.875,  545.588,  568.650,  580.138,  602.550,  580.888,  597.312,  607.950,  597.500,  585.013
 10.2612,  523.037,  538.025,  560.112,  570.900,  593.062,  570.150,  588.963,  596.575,  585.350,  573.725
 10.2667,  523.013,  537.825,  560.325,  570.588,  592.487,  570.237,  588.250,  596.450,  585.525,  573.787
 10.2723,  548.638,  564.100,  586.812,  596.725,  606.525,  594.562,  615.188,  618.513,  603.787,  592.550
 10.2778,  568.737,  585.200,  608.875,  616.537,  611.550,  610.300,  634.950,  630.162,  610.650,  599.638
 10.2834,  569.550,  585.013,  608.737,  616.475,  611.550,  610.050,  635.562,  629.713,  610.100,  599.713
 10.2889,  564.825,  581.237,  605.175,  612.862,  608.975,  606.412,  630.938,  626.525,  606.800,  596.100
 10.2945,  573.325,  589.825,  614.037,  622.225,  618.037,  616.300,  641.088,  636.088,  616.838,  606.725
 10.3001,  573.325,  589.600,  613.400,  621.575,  617.525,  615.775,  640.188,  636.138,  616.650,  606.050
 10.3056,  573.850,  590.237,  614.200,  621.912,  618.475,  617.013,  641.600,  637.250,  617.438,  607.088
 10.3112,  573.900,  589.975,  614.150,  622.037,  618.600,  616.287,  641.125,  636.412,  617.312,  606.688
 10.3167,  573.250,  589.487,  613.562,  621.625,  617.612,  615.875,  640.775,  636.050,  616.662,  606.263
 10.3223,  573.812,  590.162,  614.138,  621.975,  618.388,  616.575,  640.950,  637.025,  618.100,  607.050
 10.3278,  573.188,  589.625,  614.362,  622.338,  618.425,  616.312,  640.862,  636.537,  617.400,  606.662
 10.3334,  573.325,  589.588,  613.287,  621.562,  618.100,  616.025,  640.175,  636.075,  616.787,  605.925
 10.3389,  574.125,  590.300,  613.963,  622.225,  618.263,  617.125,  641.500,  637.100,  617.688,  606.975
 10.3445,  573.862,  589.700,  613.412,  622.025,  617.963,  616.862,  640.900,  635.800,  617.150,  606.325
 10.3501,  573.388,  589.188,  612.750,  621.713,  617.888,  615.888,  640.425,  635.775,  616.950,  606.162
 10.3556,  573.562,  589.850,  614.450,  622.050,  618.362,  616.725,  641.800,  637.075,  617.487,  607.638
 10.3612,  574.050,  589.987,  613.800,  621.888,  617.675,  616.537,  641.325,  636.650,  617.213,  606.850
 10.3668,  573.200,  589.963,  613.463,  621.650,  618.237,  616.088,  640.325,  636.062,  616.425,  606.125
 10.3723,  573.737,  590.500,  614.487,  622.575,  618.037,  617.237,  641.162,  636.912,  617.362,  607.350
 10.3778,  573.188,  590.263,  613.750,  622.338,  618.175,  616.600,  641.062,  636.625,  617.475,  606.500
 10.3834,  573.588,  589.525,  613.188,  622.138,  617.438,  615.650,  640.213,  636.037,  616.700,  605.550
 10.3889,  573.675,  590.062,  614.013,  622.275,  618.575,  617.088,  640.900,  636.938,  617.400,  606.912
 10.3945,  573.463,  589.938,  614.025,  622.088,  617.775,  616.138,  641.013,  636.525,  617.088,  606.525
 10.4001,  573.250,  589.537,  613.025,  621.225,  617.213,  615.575,  640.050,  635.838,  616.250,  606.037
 10.4056,  573.425,  589.575,  613.750,  622.450,  618.250,  616.338,  640.700,  636.475,  617.088,  606.838
 10.4112,  572.112,  589.162,  613.237,  621.812,  617.688,  616.338,  640.400,  636.250,  617.312,  606.050
 10.4167,  572.438,  589.025,  612.400,  621.200,  617.000,  615.487,  640.100,  635.525,  616.062,  605.162
 10.4223,  573.725,  589.612,  613.700,  621.700,  618.050,  616.650,  640.700,  636.650,  617.000,  606.625
 10.4279,  573.425,  589.213,  613.325,  621.400,  617.625,  615.638,  640.375,  635.963,  616.975,  605.763
 10.4334,  572.213,  588.912,  612.550,  620.963,  617.088,  615.125,  639.875,  635.475,  616.050,  605.688
 10.4390,  573.400,  589.763,  613.200,  621.838,  618.287,  616.800,  640.925,  636.600,  616.925,  606.763
 10.4445,  573.450,  589.425,  613.713,  621.775,  617.412,  616.200,  640.375,  636.062,  616.912,  606.775
 10.4500,  572.675,  589.100,  613.000,  621.025,  617.125,  615.237,  640.125,  635.888,  616.463,  605.487
 10.4556,  573.362,  590.075,  614.188,  622.125,  618.237,  616.500,  640.875,  636.763,  617.138,  607.150
 10.4612,  573.562,  590.062,  613.600,  622.112,  618.412,  616.125,  640.825,  636.375,  617.138,  607.100
 10.4668,  573.075,  588.825,  613.275,  621.025,  617.175,  615.188,  640.088,  635.950,  616.275,  606.362
 10.4723,  573.537,  589.575,  613.713,  621.825,  618.425,  617.125,  641.513,  636.650,  617.188,  607.075
 10.4779,  573.275,  589.463,  613.237,  621.862,  617.963,  615.888,  640.537,  636.638,  616.875,  606.662
 10.4834,  572.650,  589.475,  613.188,  620.787,  617.037,  615.338,  640.150,  635.800,  616.287,  606.300
 10.4890,  573.500,  590.213,  614.362,  621.938,  618.250,  616.513,  640.763,  636.787,  616.800,  606.862
 10.4945,  572.850,  589.662,  613.375,  621.450,  617.475,  616.037,  640.825,  636.200,  617.013,  606.275
 10.5001,  572.812,  589.075,  612.888,  621.487,  616.650,  615.500,  639.800,  635.688,  615.650,  605.875
 10.5056,  529.625,  545.675,  568.500,  583.287,  587.625,  578.350,  596.525,  601.550,  581.562,  575.062
 10.5112,  522.312,  537.800,  560.375,  577.325,  576.450,  565.088,  588.688,  590.388,  567.025,  560.975
 10.5168,  522.213,  538.088,  560.138,  576.737,  576.000,  565.162,  588.775,  590.625,  566.850,  560.987
 10.5223,  548.188,  563.150,  586.388,  597.250,  597.412,  594.237,  614.338,  614.675,  596.300,  587.100
 10.5279,  568.463,  585.088,  608.312,  616.013,  611.688,  609.562,  634.787,  629.463,  610.025,  599.088
 10.5334,  568.188,  584.912,  608.263,  615.650,  611.713,  609.375,  634.713,  629.362,  610.138,  599.487
 10.5390,  564.750,  580.900,  604.650,  612.050,  608.150,  605.975,  631.237,  626.162,  606.638,  596.150
 10.5445,  573.050,  589.125,  613.713,  621.388,  617.450,  616.225,  640.275,  635.675,  616.275,  605.763
 10.5501,  572.275,  588.925,  612.412,  620.763,  616.987,  615.062,  639.812,  635.037,  615.825,  605.350
 10.5556,  573.650,  589.713,  613.800,  622.338,  617.662,  616.487,  640.725,  636.525,  616.925,  606.925
 10.5612,  573.088,  589.400,  613.175,  621.575,  617.675,  616.500,  640.575,  635.888,  616.862,  606.338
 10.5667,  572.500,  589.537,  612.900,  620.925,  616.950,  615.737,  640.162,  635.500,  616.263,  605.700
 10.5723,  573.562,  590.000,  614.450,  622.037,  617.838,  616.550,  641.100,  636.725,  617.550,  606.862
 10.5779,  573.263,  589.700,  613.888,  622.100,  617.662,  616.350,  640.838,  636.688,  616.850,  606.562
 10.5834,  573.013,  589.250,  613.075,  621.263,  617.400,  615.875,  640.050,  635.900,  616.763,  605.888
 10.5890,  573.237,  590.213,  613.787,  622.075,  617.775,  617.362,  641.487,  636.675,  617.287,  606.763
 10.5945,  573.650,  589.575,  613.987,  621.900,  617.425,  616.338,  640.763,  636.138,  616.900,  606.513
 10.6001,  572.388,  588.850,  613.138,  621.487,  617.838,  616.150,  640.412,  635.537,  616.050,  605.787
 10.6056,  573.375,  589.938,  613.513,  622.338,  618.213,  616.675,  641.263,  636.412,  617.287,  606.737
 10.6112,  573.237,  589.500,  613.725,  621.963,  617.950,  616.013,  640.487,  636.250,  616.650,  606.237
 10.6167,  572.638,  589.138,  613.287,  621.263,  617.000,  615.787,  640.250,  635.550,  616.188,  605.662
 10.6223,  573.125,  590.162,  613.725,  622.100,  618.200,  616.300,  640.963,  636.800,  617.088,  606.625
 10.6279,  573.500,  590.150,  613.650,  621.850,  617.162,  616.100,  641.100,  636.412,  616.625,  606.400
 10.6334,  572.875,  589.550,  613.213,  620.975,  617.438,  615.737,  640.062,  635.550,  615.950,  605.662
 10.6390,  573.438,  590.812,  614.013,  621.850,  617.850,  616.612,  640.963,  636.750,  617.125,  606.550
 10.6445,  572.875,  589.638,  613.438,  621.588,  617.400,  616.237,  640.525,  636.838,  617.125,  606.750
 10.6501,  572.975,  588.987,  613.775,  621.425,  617.350,  616.062,  640.388,  636.150,  616.562,  605.938
 10.6556,  573.263,  589.775,  614.188,  622.062,  618.125,  617.088,  641.025,  636.775,  616.987,  606.638
 10.6612,  572.638,  589.350,  613.612,  621.688,  617.388,  616.725,  640.912,  636.438,  616.412,  606.638
 10.6667,  572.925,  588.787,  613.513,  621.338,  617.263,  616.188,  640.138,  635.625,  616.638,  605.575
 10.6723,  573.487,  589.750,  613.275,  621.925,  617.362,  616.737,  640.938,  636.338,  617.062,  606.263
 10.6779,  573.188,  589.013,  613.200,  621.750,  617.075,  615.750,  639.888,  636.275,  616.625,  605.650
 10.6834,  571.975,  588.763,  613.100,  620.713,  616.825,  615.125,  639.287,  635.375,  616.325,  605.412
 10.6890,  573.025,  589.550,  613.112,  621.925,  618.200,  616.750,  640.763,  636.525,  616.537,  606.638
 10.6946,  573.213,  589.037,  613.450,  621.688,  617.250,  615.975,  640.237,  636.388,  616.725,  605.875
 10.7001,  572.650,  588.787,  612.938,  621.338,  616.862,  615.638,  640.300,  635.812,  615.800,  605.500
 10.7056,  573.013,  589.688,  614.037,  621.800,  618.000,  616.037,  640.737,  636.438,  617.513,  607.312
 10.7112,  572.850,  589.412,  613.775,  621.438,  617.400,  616.263,  640.463,  636.062,  616.150,  606.362
 10.7167,  572.763,  588.925,  612.662,  621.075,  617.100,  615.537,  640.062,  635.375,  616.513,  605.075
 10.7223,  573.350,  589.575,  613.700,  622.013,  617.825,  616.562,  640.888,  636.675,  617.075,  606.463
 10.7278,  573.688,  589.675,  613.750,  622.100,  617.500,  615.787,  640.900,  635.975,  616.525,  606.088
 10.7334,  572.425,  588.362,  612.675,  621.200,  616.775,  615.775,  639.900,  635.625,  616.412,  605.875
 10.7390,  572.975,  589.412,  613.713,  621.562,  617.263,  616.513,  640.400,  635.862,  616.838,  606.237
 10.7445,  572.400,  589.575,  613.150,  620.963,  617.600,  616.088,  640.650,  635.612,  616.700,  605.312
 10.7501,  572.338,  589.487,  613.050,  621.200,  616.550,  615.162,  640.175,  634.850,  616.338,  604.850
 10.7557,  526.713,  543.088,  565.237,  597.388,  590.612,  573.338,  606.612,  610.800,  572.737,  581.100
 10.7612,  522.162,  537.625,  559.975,  588.237,  581.388,  563.787,  596.812,  600.912,  564.425,  570.825
 10.7668,  521.950,  537.700,  560.300,  587.862,  581.625,  563.900,  596.787,  601.037,  565.075,  571.025
 10.7723,  549.800,  565.188,  588.050,  607.575,  602.862,  592.987,  622.375,  621.338,  592.850,  591.188
 10.7778,  568.550,  584.975,  608.600,  616.050,  611.662,  609.138,  634.213,  629.763,  609.713,  599.237
 10.7834,  568.575,  585.200,  608.062,  616.513,  611.463,  609.125,  634.412,  629.612,  609.638,  598.862
 10.7890,  564.225,  579.987,  603.525,  611.188,  607.250,  604.625,  629.900,  625.300,  605.525,  595.062
 10.7945,  572.000,  588.388,  612.463,  621.013,  616.750,  615.338,  639.500,  635.225,  615.800,  605.338
 10.8001,  572.388,  588.812,  612.463,  620.162,  616.575,  614.688,  639.463,  634.875,  615.425,  604.612
 10.8057,  572.625,  589.088,  612.338,  621.388,  617.362,  615.688,  639.900,  635.888,  616.775,  605.562
 10.8112,  572.412,  589.025,  612.600,  621.025,  616.600,  615.175,  639.900,  634.662,  615.938,  605.312
 10.8168,  571.987,  588.350,  612.112,  620.112,  616.650,  614.650,  639.500,  634.588,  615.775,  604.787
 10.8223,  572.875,  588.825,  612.875,  621.588,  617.787,  616.200,  640.475,  636.213,  616.150,  605.875
 10.8279,  572.388,  589.350,  612.725,  621.162,  617.250,  615.287,  640.013,  635.750,  616.550,  605.525
 10.8334,  571.912,  588.750,  612.312,  620.888,  616.688,  615.062,  639.500,  635.175,  616.013,  605.125
 10.8390,  572.237,  589.562,  613.075,  622.013,  617.963,  615.975,  640.237,  636.213,  616.475,  605.888
 10.8445,  572.650,  589.175,  613.025,  621.500,  616.950,  615.787,  639.675,  635.750,  616.575,  605.400
 10.8501,  571.938,  588.425,  612.812,  621.100,  616.875,  614.763,  639.950,  635.125,  615.575,  604.850
 10.8557,  572.612,  589.300,  613.487,  621.725,  617.713,  615.862,  640.037,  636.812,  616.987,  606.475
 10.8612,  572.225,  589.425,  613.200,  621.513,  617.500,  615.612,  640.263,  635.550,  616.800,  605.825
 10.8668,  572.100,  588.662,  612.737,  620.612,  616.925,  614.912,  639.550,  635.100,  615.250,  605.112
 10.8723,  572.112,  588.938,  612.912,  621.463,  617.275,  615.463,  640.525,  635.463,  615.975,  605.600
 10.8779,  571.588,  588.175,  612.200,  620.562,  616.287,  615.338,  639.312,  635.037,  615.625,  605.162
 10.8834,  571.150,  587.875,  611.750,  619.812,  615.625,  614.225,  639.050,  634.612,  614.787,  604.550
 10.8890,  572.938,  589.088,  612.925,  621.513,  617.138,  615.875,  640.088,  635.912,  616.625,  606.037
 10.8945,  572.525,  588.537,  612.787,  620.725,  616.775,  615.525,  639.463,  635.388,  615.650,  605.725
 10.9001,  571.662,  588.300,  611.775,  620.537,  616.500,  614.375,  638.812,  634.963,  615.562,  604.825
 10.9056,  572.575,  589.188,  613.125,  621.175,  617.213,  615.487,  640.412,  636.250,  616.025,  605.688
 10.9112,  572.263,  588.400,  612.250,  621.325,  616.725,  614.850,  639.875,  635.838,  616.312,  605.763
 10.9167,  571.725,  588.300,  612.125,  620.100,  616.225,  614.287,  639.100,  634.650,  615.513,  605.025
 10.9223,  572.425,  588.875,  613.250,  621.175,  617.250,  615.800,  640.338,  636.062,  616.200,  606.000
 10.9279,  572.450,  588.812,  612.537,  621.175,  616.812,  615.287,  640.075,  635.425,  615.625,  605.400
 10.9334,  571.825,  588.112,  612.025,  620.362,  616.700,  614.888,  639.000,  634.388,  614.925,  605.088
 10.9390,  572.662,  588.987,  613.338,  621.275,  617.237,  615.525,  640.200,  635.688,  616.000,  606.300
 10.9446,  572.450,  588.888,  613.150,  620.763,  617.125,  615.475,  640.062,  635.225,  615.950,  605.213
 10.9501,  571.650,  588.125,  611.713,  620.412,  616.062,  614.375,  639.013,  634.688,  615.088,  604.900
 10.9556,  572.575,  589.300,  613.188,  621.312,  617.400,  615.812,  640.650,  636.375,  616.800,  605.862
 10.9612,  572.700,  589.013,  612.938,  621.750,  617.250,  615.625,  640.037,  635.787,  616.050,  605.912
 10.9667,  572.463,  588.625,  612.500,  621.213,  616.787,  615.188,  639.938,  634.938,  615.237,  605.362
 10.9723,  572.513,  589.525,  613.250,  621.412,  617.388,  615.787,  640.350,  635.900,  616.787,  606.513
 10.9778,  572.775,  589.200,  613.188,  621.375,  617.200,  615.550,  639.900,  636.188,  616.575,  606.037
 10.9834,  572.175,  588.287,  612.700,  620.362,  617.037,  615.162,  639.562,  635.075,  615.750,  605.312
 10.9890,  572.713,  589.275,  613.638,  621.787,  617.412,  616.250,  640.438,  636.263,  616.487,  606.025
 10.9945,  572.850,  589.175,  612.987,  621.600,  617.250,  615.713,  640.150,  636.088,  616.438,  605.963
 11.0001,  572.037,  588.875,  612.500,  620.987,  616.987,  615.287,  640.213,  635.625,  615.862,  605.537
 11.0057,  527.050,  543.175,  565.550,  592.312,  587.550,  576.888,  602.638,  607.350,  568.037,  571.550
 11.0112,  521.650,  537.575,  559.100,  579.487,  575.850,  565.925,  590.037,  594.662,  560.362,  557.737
 11.0168,  521.888,  537.838,  559.675,  579.475,  575.700,  566.287,  589.612,  594.688,  560.550,  557.938
 11.0223,  548.775,  563.812,  586.875,  605.600,  600.713,  594.650,  620.575,  619.662,  589.700,  586.975
 11.0279,  568.188,  584.525,  607.237,  615.800,  611.562,  609.062,  634.138,  629.263,  609.537,  598.825
 11.0334,  568.175,  584.662,  607.550,  616.050,  611.287,  609.075,  634.062,  628.875,  609.562,  598.825
 11.0390,  563.463,  579.475,  602.600,  611.350,  607.088,  604.050,  629.763,  625.338,  604.938,  594.250
 11.0445,  572.463,  589.162,  612.575,  621.287,  616.975,  615.412,  640.325,  635.725,  615.825,  605.800
 11.0501,  571.925,  589.013,  612.400,  620.812,  616.600,  614.963,  639.700,  635.325,  615.475,  605.112
 11.0556,  572.625,  589.400,  612.750,  620.850,  617.000,  616.138,  640.388,  635.875,  616.162,  605.950
 11.0612,  572.463,  588.612,  612.975,  621.675,  616.975,  615.650,  640.275,  635.500,  615.775,  605.812
 11.0668,  572.287,  588.562,  612.188,  620.662,  616.287,  614.800,  639.500,  635.062,  615.162,  605.312
 11.0723,  572.675,  589.513,  612.938,  621.875,  617.225,  615.713,  640.088,  635.900,  616.675,  605.650
 11.0779,  572.287,  589.562,  613.000,  621.537,  617.362,  615.838,  640.375,  636.450,  616.412,  605.600
 11.0834,  572.562,  588.875,  612.763,  621.162,  617.438,  615.513,  639.825,  635.688,  615.175,  605.412
 11.0890,  572.450,  589.325,  613.237,  621.550,  617.562,  615.725,  640.662,  635.850,  616.188,  606.350
 11.0945,  572.950,  589.300,  613.050,  621.125,  617.150,  615.500,  640.412,  635.338,  616.350,  606.025
 11.1001,  572.037,  588.600,  612.463,  620.888,  616.562,  615.475,  639.612,  635.513,  615.138,  605.237
 11.1056,  573.275,  589.287,  613.475,  621.838,  617.450,  616.000,  640.487,  636.300,  616.650,  606.362
 11.1112,  572.025,  589.200,  612.900,  621.500,  616.787,  615.362,  640.612,  635.550,  615.812,  605.312
 11.1168,  571.800,  588.625,  612.237,  621.375,  616.625,  615.013,  639.963,  635.100,  615.625,  605.025
 11.1223,  572.537,  589.138,  612.537,  621.350,  616.850,  615.725,  640.338,  635.463,  615.725,  605.750
 11.1279,  572.412,  588.575,  612.500,  621.300,  616.850,  615.062,  640.325,  634.888,  615.188,  605.088
 11.1334,  571.713,  588.450,  611.525,  620.775,  616.025,  614.362,  639.325,  634.562,  615.037,  604.638
 11.1390,  573.075,  589.138,  612.963,  621.625,  617.737,  616.425,  641.112,  635.737,  616.650,  606.438
 11.1445,  572.537,  589.263,  612.862,  621.425,  617.338,  615.812,  640.287,  635.612,  615.875,  605.625
 11.1501,  572.612,  588.325,  612.000,  621.287,  616.100,  615.037,  639.487,  635.112,  615.625,  605.112
 11.1556,  572.963,  589.013,  613.075,  621.713,  617.037,  616.325,  640.312,  635.638,  616.175,  605.825
 11.1612,  572.438,  588.338,  613.037,  621.338,  616.900,  615.575,  640.075,  635.850,  616.300,  605.812
 11.1668,  571.938,  588.500,  612.688,  620.763,  616.625,  615.388,  639.487,  634.550,  615.263,  604.787
 11.1723,  572.662,  588.763,  612.662,  621.312,  617.000,  615.325,  640.225,  635.612,  615.900,  606.000
 11.1779,  572.200,  588.638,  612.312,  620.825,  616.263,  615.075,  640.100,  635.300,  615.713,  605.675
 11.1834,  571.588,  588.575,  612.013,  620.800,  616.388,  614.938,  639.412,  635.025,  615.300,  605.062
 11.1890,  572.050,  588.675,  612.888,  620.812,  617.088,  615.075,  639.938,  635.588,  616.175,  605.412
 11.1946,  572.275,  588.400,  612.575,  620.713,  616.713,  614.812,  639.787,  635.662,  615.900,  605.362
 11.2001,  571.700,  587.975,  612.438,  620.575,  616.100,  614.575,  639.213,  634.325,  615.287,  604.575
 11.2057,  572.088,  588.750,  612.625,  621.487,  617.350,  615.650,  639.575,  635.375,  616.250,  605.688
 11.2112,  571.787,  588.550,  612.075,  621.075,  616.862,  615.475,  639.650,  635.013,  615.588,  605.088
 11.2167,  571.325,  587.838,  611.950,  620.013,  615.825,  614.175,  638.600,  634.275,  614.900,  604.237
 11.2223,  571.888,  588.350,  613.138,  620.900,  617.150,  615.075,  640.150,  635.550,  615.800,  605.425
 11.2279,  571.975,  588.475,  612.450,  620.713,  616.350,  614.775,  639.550,  635.100,  615.425,  605.388
 11.2334,  571.312,  587.875,  612.100,  619.950,  616.062,  614.237,  639.100,  634.662,  614.612,  604.662
 11.2390,  572.275,  588.500,  612.638,  620.763,  616.713,  614.825,  639.812,  635.350,  615.662,  605.375
 11.2446,  571.638,  588.350,  612.225,  620.050,  616.112,  614.750,  639.412,  634.950,  615.438,  604.513
 11.2501,  571.425,  587.125,  612.138,  619.850,  615.612,  613.775,  638.987,  634.237,  614.725,  604.275
 11.2557,  526.938,  542.688,  565.350,  586.125,  578.975,  577.200,  593.362,  597.975,  565.475,  560.562
 11.2612,  521.000,  536.275,  558.950,  575.825,  569.162,  565.062,  585.812,  585.225,  558.650,  551.575
 11.2668,  520.912,  536.900,  559.225,  575.975,  568.950,  564.188,  585.562,  585.775,  558.562,  551.963
 11.2723,  547.625,  562.825,  586.025,  601.350,  595.037,  593.925,  612.938,  614.400,  587.350,  579.938
 11.2779,  568.125,  584.800,  608.275,  616.237,  611.450,  609.338,  634.463,  630.450,  609.838,  599.350
 11.2834,  568.450,  585.213,  608.550,  616.513,  611.575,  609.612,  634.438,  629.338,  609.513,  599.612
 11.2890,  562.412,  578.000,  602.037,  610.338,  606.000,  602.900,  628.838,  623.500,  603.463,  593.425
 11.2946,  571.188,  588.150,  611.987,  620.237,  615.713,  614.375,  639.200,  634.487,  615.388,  604.338
 11.3001,  571.550,  587.688,  611.800,  619.938,  615.500,  614.125,  638.650,  634.200,  614.875,  604.037
 11.3057,  572.037,  588.013,  612.338,  620.438,  616.550,  614.362,  639.338,  634.963,  615.025,  604.800
 11.3112,  571.300,  588.138,  612.162,  620.737,  615.600,  614.412,  638.812,  634.612,  615.000,  604.537
 11.3168,  571.025,  587.250,  611.162,  619.500,  615.350,  613.388,  638.200,  633.862,  614.188,  603.213
 11.3223,  571.312,  588.375,  612.300,  620.463,  616.275,  614.487,  639.138,  635.200,  615.825,  604.925
 11.3279,  571.362,  588.237,  612.438,  619.888,  616.412,  614.275,  639.162,  634.750,  614.575,  604.725
 11.3334,  570.775,  587.075,  611.612,  619.900,  615.675,  614.100,  638.475,  633.763,  614.412,  604.088
 11.3390,  571.575,  588.513,  611.925,  620.688,  616.513,  614.612,  639.213,  634.912,  615.388,  604.688
 11.3445,  571.200,  587.550,  611.537,  620.375,  616.125,  614.175,  638.888,  634.388,  614.450,  604.213
 11.3501,  571.188,  587.750,  611.188,  619.975,  615.312,  613.900,  638.025,  633.675,  614.200,  604.025
 11.3557,  571.812,  588.025,  612.375,  620.450,  616.500,  615.025,  639.100,  635.062,  615.537,  604.450
 11.3612,  571.875,  587.912,  612.237,  620.350,  616.062,  614.237,  639.112,  634.600,  614.487,  604.475
 11.3668,  571.463,  587.287,  611.400,  619.825,  615.500,  613.825,  638.763,  633.875,  614.175,  603.963
 11.3723,  571.888,  588.675,  611.963,  620.263,  616.450,  614.250,  639.600,  634.513,  615.287,  604.562
 11.3779,  571.213,  588.062,  612.075,  620.100,  615.963,  614.325,  639.125,  634.463,  614.725,  604.938
 11.3834,  571.088,  587.300,  611.375,  619.612,  615.638,  613.638,  638.487,  633.188,  613.875,  603.775
 11.3890,  571.975,  588.037,  612.638,  620.688,  616.225,  614.537,  639.438,  634.888,  615.450,  604.775
 11.3945,  571.350,  587.825,  612.250,  620.450,  615.963,  614.450,  639.125,  634.938,  614.875,  604.725
 11.4001,  570.675,  587.487,  611.400,  620.100,  616.013,  613.862,  638.338,  633.775,  614.362,  604.037
 11.4057,  571.550,  588.287,  612.200,  620.438,  616.713,  614.463,  639.325,  634.612,  615.088,  604.725
 11.4112,  571.088,  588.150,  612.213,  620.375,  616.388,  614.188,  638.900,  634.838,  614.338,  604.250
 11.4168,  570.537,  587.500,  611.225,  619.850,  615.350,  613.425,  638.112,  633.537,  614.300,  603.662
 11.4223,  571.237,  587.737,  611.800,  619.838,  615.825,  614.362,  638.675,  634.250,  614.412,  604.412
 11.4279,  570.750,  587.513,  611.500,  619.912,  616.025,  613.325,  638.162,  633.862,  614.000,  603.812
 11.4334,  570.575,  586.850,  610.662,  618.975,  615.150,  613.275,  637.350,  632.987,  613.425,  603.213
 11.4390,  570.888,  587.975,  611.688,  620.325,  616.138,  614.175,  638.862,  634.450,  614.900,  604.350
 11.4445,  571.138,  587.750,  611.425,  619.862,  615.812,  614.162,  638.475,  634.275,  614.362,  603.662
 11.4501,  570.438,  587.350,  610.925,  619.450,  615.250,  612.838,  637.713,  633.350,  614.112,  603.438
 11.4557,  571.338,  588.287,  611.875,  620.250,  615.625,  614.338,  638.638,  634.650,  614.463,  603.900
 11.4612,  572.150,  587.487,  611.350,  619.850,  615.338,  613.750,  638.825,  633.900,  614.100,  603.900
 11.4668,  570.825,  586.963,  611.362,  619.650,  614.800,  613.537,  637.925,  633.062,  613.888,  603.200
 11.4724,  571.850,  588.275,  612.162,  620.550,  616.200,  615.062,  639.537,  635.125,  615.950,  605.225
 11.4779,  571.525,  588.225,  611.975,  620.350,  615.912,  614.375,  639.200,  634.725,  614.963,  604.850
 11.4834,  570.775,  588.062,  611.763,  619.862,  615.425,  613.963,  638.938,  634.112,  614.662,  603.862
 11.4890,  572.350,  588.600,  612.700,  621.263,  616.475,  614.525,  639.938,  634.963,  615.338,  605.150
 11.4945,  571.612,  588.175,  611.938,  620.625,  616.062,  614.438,  639.287,  634.650,  615.062,  604.787
 11.5001,  571.000,  587.325,  611.162,  619.775,  615.325,  614.300,  638.638,  633.700,  614.213,  603.425
 11.5286,  560.700,  567.713,  592.625,  608.450,  597.862,  602.600,  620.888,  617.600,  588.850,  581.825
 11.5342,  570.875,  588.025,  612.250,  620.812,  615.925,  615.537,  639.800,  635.263,  615.362,  605.588
 11.5398,  564.513,  580.362,  604.537,  612.750,  608.388,  605.600,  631.225,  626.787,  606.775,  596.162
 11.5453,  569.550,  586.138,  610.138,  618.575,  613.737,  612.912,  637.275,  632.938,  613.175,  602.650
 11.5509,  569.600,  585.575,  609.812,  617.825,  613.850,  611.650,  636.375,  631.938,  612.138,  602.025
 11.5564,  565.112,  581.013,  604.838,  612.662,  608.225,  606.588,  631.425,  626.375,  607.100,  596.375
 11.5620,  571.575,  587.562,  610.963,  619.975,  614.862,  613.750,  638.325,  633.562,  614.213,  604.150
 11.5675,  570.388,  587.162,  611.000,  619.513,  615.450,  613.888,  638.513,  633.550,  614.475,  603.588
 11.5730,  570.188,  586.562,  610.675,  618.900,  614.625,  613.088,  637.725,  633.325,  613.537,  602.775
 11.5786,  569.438,  585.875,  609.750,  617.888,  613.963,  612.138,  637.000,  632.150,  612.875,  601.900
 11.5842,  568.800,  585.500,  609.213,  617.562,  613.287,  611.450,  636.138,  631.513,  612.138,  601.325
 11.5897,  571.725,  588.737,  612.963,  621.225,  616.975,  615.237,  640.263,  635.250,  616.350,  605.312
 11.5953,  571.425,  588.812,  612.388,  620.675,  615.875,  614.675,  639.838,  635.200,  615.612,  604.875
 11.6008,  571.537,  588.225,  612.275,  620.525,  615.737,  614.325,  639.400,  634.688,  614.950,  604.487
 11.6064,  572.088,  588.688,  612.537,  621.062,  616.425,  614.750,  639.513,  635.225,  615.650,  604.850
 11.6119,  571.362,  588.150,  611.862,  619.925,  616.338,  614.650,  638.800,  634.537,  615.388,  604.400
 11.6175,  571.075,  587.388,  610.725,  619.800,  615.600,  613.675,  638.812,  633.925,  614.537,  603.875
 11.6231,  571.987,  587.737,  612.625,  619.925,  616.162,  614.900,  639.125,  634.812,  615.263,  605.438
 11.6286,  571.050,  588.050,  611.925,  620.025,  615.800,  613.812,  639.013,  634.412,  614.325,  604.537
 11.6342,  571.213,  586.838,  611.350,  619.987,  615.088,  613.550,  638.425,  633.825,  613.963,  603.987
 11.6397,  572.025,  588.612,  611.938,  620.400,  615.925,  614.625,  639.088,  634.875,  615.375,  604.675
 11.6453,  571.200,  587.513,  611.525,  620.162,  615.612,  614.325,  638.638,  633.888,  614.787,  604.588
 11.6508,  570.575,  587.362,  610.675,  619.088,  615.388,  613.400,  638.450,  633.750,  613.600,  603.700
 11.6564,  572.100,  588.112,  612.388,  620.263,  616.225,  614.750,  639.075,  634.625,  614.713,  604.700
 11.6619,  570.912,  587.138,  611.000,  619.588,  615.900,  613.537,  638.375,  633.900,  614.600,  603.912
 11.6675,  570.925,  586.775,  610.975,  619.075,  614.562,  613.638,  638.100,  633.125,  613.513,  603.037
 11.6731,  571.338,  588.150,  611.950,  620.263,  616.225,  614.312,  639.025,  634.500,  614.862,  604.575
 11.6786,  571.338,  587.562,  611.037,  619.987,  615.562,  614.150,  639.062,  633.963,  614.213,  604.138
 11.6842,  570.412,  587.037,  610.562,  619.312,  615.062,  613.438,  638.250,  633.062,  613.888,  603.412
 11.6897,  570.287,  587.388,  611.213,  620.025,  615.062,  612.838,  638.525,  633.388,  613.812,  603.950
 11.6953,  570.062,  586.638,  610.600,  618.800,  614.750,  612.275,  637.575,  633.037,  613.112,  603.075
 11.7008,  569.725,  586.338,  610.325,  618.412,  614.112,  612.275,  637.312,  632.463,  612.775,  602.750
 11.7064,  570.925,  587.287,  611.525,  620.000,  615.362,  613.213,  638.525,  633.763,  614.050,  603.650
 11.7119,  570.388,  587.088,  610.775,  619.338,  615.062,  613.000,  637.737,  632.938,  613.263,  602.787
 11.7175,  569.925,  586.338,  610.088,  618.125,  613.737,  612.175,  637.162,  632.537,  612.700,  602.150
 11.7231,  571.037,  586.975,  611.287,  619.725,  614.987,  613.287,  637.888,  633.525,  614.037,  603.438
 11.7286,  570.150,  586.750,  610.325,  618.662,  614.375,  612.300,  638.088,  632.638,  613.400,  602.375
 11.7342,  569.987,  585.950,  609.775,  618.638,  613.825,  611.838,  637.200,  631.987,  612.450,  602.250
 11.7397,  571.625,  587.125,  611.400,  619.700,  615.362,  613.487,  638.625,  634.062,  613.912,  603.537
 11.7453,  570.775,  587.213,  610.525,  619.112,  614.612,  612.650,  638.200,  633.838,  613.925,  602.938
 11.7514,  565.438,  583.263,  605.688,  613.688,  601.300,  598.950,  614.963,  610.975,  592.188,  581.350
 11.7569,  520.362,  535.862,  557.625,  570.650,  564.537,  557.088,  585.388,  581.325,  559.287,  548.763
 11.7625,  519.925,  536.037,  558.013,  570.438,  564.412,  556.812,  584.575,  580.275,  557.275,  548.237
 11.7681,  520.375,  535.388,  557.825,  570.900,  564.600,  556.850,  585.400,  581.725,  558.862,  548.987
 11.7736,  555.925,  571.487,  594.487,  603.375,  599.450,  594.537,  620.812,  615.825,  595.625,  585.025
 11.7791,  567.675,  584.650,  607.975,  616.388,  612.250,  608.013,  634.175,  628.888,  609.075,  598.162
 11.7847,  568.125,  584.150,  607.775,  615.700,  611.487,  608.300,  634.037,  628.763,  609.025,  598.350
 11.7902,  560.775,  576.775,  600.600,  609.287,  604.200,  601.550,  627.200,  621.912,  602.225,  591.550
 11.7958,  569.775,  586.213,  609.950,  618.125,  613.662,  612.475,  637.412,  632.763,  612.412,  602.425
 11.8014,  569.175,  586.188,  610.088,  618.125,  613.938,  611.537,  636.812,  631.787,  612.275,  601.425
 11.8069,  570.412,  586.850,  610.950,  619.213,  615.138,  612.900,  637.975,  633.650,  613.662,  603.325
 11.8125,  569.450,  586.112,  610.100,  618.700,  614.138,  612.125,  637.200,  632.537,  613.213,  602.275
 11.8181,  569.700,  585.950,  609.975,  617.938,  613.825,  611.263,  636.938,  632.237,  612.475,  601.825
 11.8236,  570.713,  587.112,  611.062,  619.362,  614.787,  613.400,  638.350,  633.400,  613.737,  602.825
 11.8291,  570.000,  586.412,  610.700,  618.425,  614.388,  612.412,  637.612,  632.912,  613.425,  602.875
 11.8347,  569.612,  585.950,  610.237,  618.275,  614.050,  612.125,  637.438,  632.275,  612.200,  602.088
 11.8402,  571.662,  588.062,  612.100,  620.150,  616.088,  613.763,  638.875,  634.725,  614.537,  604.287
 11.8458,  570.925,  587.325,  611.025,  620.100,  615.425,  613.675,  638.838,  634.450,  614.463,  603.588
 11.8514,  570.463,  586.763,  610.812,  619.600,  614.763,  613.625,  637.938,  633.625,  613.825,  602.338
 11.8569,  571.838,  587.725,  611.575,  620.025,  616.013,  614.575,  639.362,  634.725,  614.463,  604.175
 11.8625,  570.812,  587.125,  611.575,  619.400,  615.287,  613.662,  638.263,  634.088,  613.713,  603.600
 11.8681,  570.550,  586.912,  611.112,  619.487,  614.812,  613.425,  638.112,  632.862,  613.912,  603.450
 11.8736,  571.150,  587.888,  611.987,  619.938,  616.237,  613.625,  639.075,  634.562,  614.713,  604.625
 11.8791,  571.350,  588.025,  611.450,  619.600,  615.612,  613.537,  638.825,  633.975,  614.312,  603.513
 11.8847,  570.812,  587.237,  611.100,  619.737,  614.850,  613.213,  637.875,  633.525,  613.062,  602.950
 11.8902,  570.850,  587.800,  611.713,  620.463,  615.638,  614.013,  638.550,  634.650,  614.625,  604.375
 11.8958,  570.850,  587.650,  611.138,  619.875,  615.112,  613.638,  638.600,  634.287,  614.100,  603.912
 11.9014,  570.588,  587.450,  610.850,  619.175,  614.975,  612.912,  637.838,  633.062,  613.425,  603.275
 11.9069,  570.838,  587.375,  611.600,  619.825,  615.175,  613.338,  638.362,  633.700,  614.213,  603.700
 11.9125,  569.925,  587.200,  610.500,  619.075,  614.925,  612.750,  638.000,  633.050,  613.638,  603.237
 11.9181,  570.225,  586.775,  610.662,  618.662,  614.075,  612.088,  637.412,  632.388,  612.787,  602.375
 11.9236,  570.750,  587.250,  611.550,  619.500,  615.562,  613.975,  638.175,  633.938,  613.963,  603.688
 11.9292,  570.338,  587.088,  610.912,  618.812,  614.412,  612.500,  638.075,  632.838,  613.625,  603.475
 11.9347,  569.763,  586.475,  610.412,  618.900,  614.487,  613.175,  637.200,  632.963,  613.138,  602.325
 11.9403,  570.838,  587.062,  611.300,  619.325,  615.275,  613.513,  638.250,  633.862,  613.625,  603.612
 11.9458,  569.737,  586.862,  610.737,  618.938,  615.075,  613.162,  637.925,  632.925,  613.612,  603.088
 11.9514,  569.850,  586.475,  610.612,  618.450,  614.287,  612.450,  636.862,  632.312,  612.925,  602.463
 11.9569,  570.250,  587.513,  610.412,  619.138,  615.037,  613.425,  637.763,  633.312,  613.725,  603.588
 11.9625,  570.700,  586.525,  610.575,  618.700,  614.062,  612.775,  637.125,  633.350,  613.287,  602.088
 11.9680,  569.875,  586.650,  610.250,  618.763,  614.737,  612.500,  637.350,  632.213,  613.200,  602.662
 11.9736,  571.225,  587.975,  611.750,  619.950,  615.638,  614.013,  639.000,  633.975,  614.888,  604.150
 11.9792,  570.312,  587.125,  610.750,  619.250,  614.938,  613.800,  638.375,  633.263,  614.125,  603.638
 11.9847,  570.138,  586.700,  610.487,  618.763,  614.175,  612.650,  637.725,  633.088,  613.200,  603.325
 11.9903,  570.975,  587.662,  611.075,  619.588,  615.525,  614.138,  638.700,  633.875,  614.825,  604.000
 11.9958,  570.375,  586.800,  610.850,  619.050,  614.650,  613.062,  638.112,  633.287,  613.862,  603.487
 12.0014,  565.150,  581.912,  605.638,  613.838,  609.138,  606.700,  632.250,  627.425,  607.438,  596.900
 12.0069,  519.812,  534.750,  557.013,  569.375,  571.062,  558.088,  583.500,  579.150,  563.812,  547.200
 12.0125,  519.912,  534.912,  557.213,  568.438,  567.350,  556.450,  582.862,  578.362,  559.100,  545.987
 12.0180,  519.800,  535.050,  557.200,  569.325,  571.088,  557.787,  582.938,  579.112,  563.100,  546.775
 12.0236,  554.912,  570.362,  594.237,  601.987,  597.588,  593.737,  619.975,  614.612,  594.662,  584.688
 12.0291,  566.600,  583.000,  606.575,  614.600,  609.650,  607.362,  632.600,  627.888,  607.900,  597.537
 12.0347,  566.900,  583.062,  606.487,  615.138,  610.013,  606.900,  632.575,  627.525,  607.400,  597.537
 12.0403,  560.562,  576.612,  600.287,  608.350,  604.763,  601.787,  626.987,  622.013,  602.438,  591.925
 12.0458,  569.412,  586.675,  610.688,  618.388,  614.763,  612.638,  637.638,  632.625,  613.562,  602.925
 12.0514,  569.662,  585.700,  609.900,  618.400,  613.850,  612.088,  637.237,  632.075,  612.838,  602.100
 12.0570,  569.875,  586.175,  610.200,  618.900,  614.250,  612.612,  637.612,  632.638,  613.350,  602.800
 12.0625,  568.938,  585.650,  609.600,  617.938,  613.812,  611.912,  636.925,  631.912,  612.675,  602.175
 12.0680,  569.150,  585.575,  609.325,  617.763,  613.088,  612.000,  636.225,  631.763,  611.800,  602.025
 12.0736,  571.200,  587.188,  611.550,  619.600,  615.263,  613.750,  638.450,  633.850,  614.438,  604.013
 12.0791,  570.350,  586.812,  610.388,  618.625,  615.000,  613.138,  637.600,  633.088,  613.700,  603.075
 12.0847,  569.888,  586.412,  609.888,  618.825,  614.425,  612.525,  637.400,  632.900,  613.175,  603.025
 12.0902,  570.388,  586.700,  611.162,  619.175,  615.400,  613.625,  638.275,  633.125,  614.300,  603.675
 12.0958,  569.912,  586.250,  610.588,  618.925,  614.487,  612.825,  637.125,  632.850,  613.537,  602.588
 12.1014,  569.350,  586.350,  609.775,  618.062,  614.263,  612.125,  636.037,  632.287,  612.638,  602.463
 12.1069,  570.600,  586.963,  610.713,  618.938,  614.775,  613.362,  638.188,  633.388,  614.125,  603.700
 12.1125,  569.700,  586.312,  610.312,  618.312,  613.912,  613.037,  637.025,  632.737,  613.050,  602.525
 12.1181,  569.188,  585.588,  609.575,  618.088,  613.688,  611.888,  636.275,  632.338,  612.888,  602.125
 12.1236,  570.375,  586.450,  610.487,  619.013,  614.325,  612.963,  637.625,  633.463,  613.388,  602.900
 12.1291,  569.525,  585.900,  609.713,  618.325,  613.812,  612.388,  636.900,  632.475,  613.100,  602.075
 12.1347,  569.375,  585.950,  609.400,  617.725,  613.662,  612.000,  636.737,  631.812,  612.650,  602.787
 12.1402,  569.650,  586.338,  610.188,  618.900,  614.237,  612.688,  637.763,  632.450,  613.487,  603.688
 12.1458,  569.562,  585.650,  609.787,  617.963,  614.075,  612.287,  636.525,  631.875,  612.575,  601.662
 12.1514,  569.475,  585.775,  609.338,  617.475,  613.162,  611.700,  636.562,  631.612,  612.425,  601.713
 12.1569,  570.162,  586.475,  610.987,  619.225,  615.150,  615.625,  638.062,  633.388,  613.775,  605.325
 12.1625,  569.312,  586.525,  609.763,  618.700,  614.300,  612.725,  637.062,  632.362,  612.925,  603.075
 12.1681,  569.275,  586.100,  609.575,  618.112,  613.650,  612.400,  636.825,  632.150,  612.438,  602.188
 12.1736,  570.600,  586.800,  610.475,  619.213,  614.225,  613.275,  637.950,  633.425,  613.775,  603.200
 12.1792,  569.737,  585.600,  610.150,  618.362,  614.175,  612.612,  637.112,  632.500,  613.287,  602.550
 12.1847,  569.463,  585.825,  609.412,  617.800,  614.013,  611.825,  636.750,  631.812,  612.550,  602.500
 12.1903,  569.938,  586.000,  609.888,  618.537,  614.050,  612.312,  637.150,  632.200,  612.900,  602.138
 12.1958,  569.338,  585.162,  608.912,  617.000,  613.025,  611.537,  636.013,  631.612,  612.275,  601.638
 12.2014,  569.062,  585.013,  609.037,  617.450,  612.950,  611.150,  635.825,  631.525,  611.225,  601.263
 12.2069,  569.475,  586.237,  609.987,  618.237,  613.625,  612.412,  636.888,  632.688,  613.162,  602.638
 12.2125,  569.213,  585.500,  608.950,  617.450,  613.162,  612.025,  636.400,  631.562,  612.838,  601.700
 12.2181,  568.938,  585.150,  608.938,  617.350,  613.213,  611.575,  635.600,  631.075,  611.725,  601.787
 12.2236,  570.075,  586.675,  610.450,  618.688,  614.850,  613.237,  637.425,  633.237,  614.000,  603.513
 12.2292,  569.612,  586.375,  609.812,  618.550,  614.213,  612.463,  636.838,  632.662,  613.312,  602.562
 12.2347,  569.525,  585.812,  610.075,  618.100,  613.688,  612.500,  636.537,  632.487,  612.800,  602.500
 12.2403,  570.350,  587.025,  610.825,  618.688,  614.450,  612.925,  637.975,  633.263,  613.963,  602.987
 12.2458,  571.100,  587.037,  611.450,  619.213,  615.562,  613.250,  637.700,  633.388,  613.575,  603.287
 12.2514,  563.263,  580.037,  603.550,  611.612,  607.463,  604.562,  629.838,  624.900,  604.912,  594.075
 12.2569,  519.662,  534.350,  556.650,  576.050,  577.237,  557.963,  583.638,  582.250,  567.225,  547.275
 12.2625,  519.088,  534.450,  556.862,  572.075,  570.350,  555.412,  582.412,  578.600,  559.463,  545.013
 12.2680,  519.050,  534.650,  556.725,  575.888,  576.500,  557.662,  583.150,  582.463,  565.838,  546.537
 12.2736,  556.463,  572.700,  595.862,  603.963,  599.575,  596.225,  621.938,  617.500,  596.950,  586.787
 12.2792,  566.713,  583.162,  606.250,  614.825,  609.975,  607.537,  633.150,  628.588,  608.250,  597.800
 12.2847,  566.838,  583.225,  606.487,  614.388,  609.612,  607.500,  632.612,  627.938,  608.100,  597.562
 12.2903,  560.275,  576.600,  600.025,  608.625,  604.263,  601.425,  626.763,  622.112,  602.500,  591.950
 12.2958,  569.100,  585.987,  609.138,  617.875,  613.237,  611.825,  636.763,  632.263,  612.237,  602.487
 12.3014,  568.875,  585.213,  609.138,  617.138,  613.250,  611.525,  636.175,  631.938,  612.125,  601.487
 12.3069,  569.400,  586.787,  609.900,  618.787,  613.925,  612.675,  637.075,  632.787,  613.250,  602.875
 12.3125,  569.425,  585.550,  609.662,  617.963,  613.263,  611.950,  637.125,  632.412,  612.787,  602.400
 12.3180,  568.862,  585.950,  609.800,  617.612,  613.188,  611.275,  636.812,  631.963,  612.800,  601.775
 12.3236,  571.225,  587.013,  611.475,  619.662,  615.537,  614.438,  638.487,  633.662,  614.600,  603.987
 12.3292,  570.138,  586.737,  610.750,  618.725,  614.162,  613.250,  637.588,  633.075,  613.287,  603.525
 12.3347,  569.838,  586.438,  609.938,  618.037,  614.338,  612.562,  637.312,  632.975,  613.312,  602.875
 12.3403,  570.963,  586.975,  610.975,  619.075,  614.625,  613.075,  638.287,  633.612,  613.950,  603.838
 12.3458,  569.838,  586.725,  610.412,  618.625,  614.175,  613.025,  637.463,  633.037,  613.312,  602.737
 12.3514,  569.987,  586.263,  610.088,  619.088,  614.525,  612.325,  636.737,  632.625,  613.175,  603.062
 12.3569,  572.013,  588.612,  612.088,  620.287,  615.850,  614.700,  639.412,  634.412,  615.350,  605.138
 12.3625,  571.875,  588.237,  611.900,  620.537,  616.112,  614.362,  639.537,  634.825,  615.362,  604.700
 12.3680,  571.400,  587.975,  611.963,  619.963,  615.500,  614.600,  639.287,  634.188,  614.750,  604.550
 12.3736,  572.487,  589.737,  613.700,  622.075,  617.263,  616.112,  641.037,  636.275,  616.513,  605.900
 12.3792,  572.312,  588.812,  612.662,  621.150,  616.537,  615.037,  640.000,  635.138,  615.888,  605.388
 12.3847,  571.213,  587.562,  611.325,  619.862,  615.125,  614.075,  638.537,  634.175,  614.487,  604.388
 12.3903,  571.000,  587.750,  611.362,  620.388,  615.400,  614.162,  638.662,  633.938,  615.025,  604.312
 12.3958,  571.138,  586.537,  610.600,  619.787,  614.750,  613.162,  637.588,  633.188,  613.775,  603.325
 12.4014,  569.812,  586.388,  610.263,  618.438,  614.388,  612.662,  637.600,  632.763,  613.287,  603.312
 12.4069,  571.188,  587.362,  611.725,  619.612,  616.000,  614.575,  638.763,  634.500,  614.588,  604.425
 12.4125,  570.825,  586.938,  611.338,  619.062,  614.975,  613.850,  638.388,  633.588,  614.362,  603.750
 12.4180,  570.237,  586.975,  611.062,  619.100,  614.675,  613.250,  637.775,  632.950,  614.112,  603.713
 12.4236,  571.162,  587.438,  611.588,  619.525,  615.138,  613.938,  638.688,  634.175,  614.562,  603.888
 12.4292,  570.388,  586.737,  611.162,  618.925,  614.550,  613.300,  638.000,  633.500,  614.188,  603.737
 12.4347,  570.412,  586.812,  610.862,  619.000,  614.375,  612.650,  637.875,  632.938,  613.688,  603.188
 12.4403,  570.850,  587.250,  611.112,  619.275,  615.188,  613.775,  638.425,  633.638,  613.912,  603.938
 12.4459,  570.525,  586.450,  610.350,  619.013,  614.700,  612.900,  637.625,  632.487,  613.375,  602.950
 12.4514,  569.975,  586.350,  609.650,  618.800,  613.550,  612.312,  637.287,  632.612,  612.975,  603.037
 12.4570,  570.800,  587.550,  611.525,  619.938,  614.900,  614.112,  638.638,  634.513,  614.237,  604.388
 12.4625,  570.713,  586.912,  610.800,  619.375,  614.900,  613.475,  637.763,  633.675,  613.825,  603.225
 12.4680,  570.100,  586.688,  610.263,  618.763,  613.750,  612.912,  637.513,  632.825,  613.312,  602.825
 12.4736,  570.812,  587.112,  611.075,  619.138,  615.000,  613.963,  638.338,  633.650,  614.013,  603.688
 12.4791,  570.737,  586.737,  610.438,  618.438,  614.263,  613.362,  637.650,  632.925,  614.112,  603.188
 12.4847,  569.763,  586.638,  610.075,  618.500,  613.912,  612.537,  637.062,  632.400,  613.362,  602.925
 12.4903,  570.450,  586.888,  610.513,  619.138,  614.463,  613.463,  637.787,  634.100,  614.275,  604.487
 12.4958,  569.775,  586.250,  610.237,  618.625,  614.263,  612.787,  637.450,  633.100,  612.862,  602.975
 12.5014,  562.688,  579.350,  602.600,  611.263,  606.750,  604.300,  628.963,  625.112,  605.088,  593.975
 12.5070,  518.825,  534.525,  555.987,  582.088,  581.075,  555.987,  582.062,  597.237,  558.300,  545.588
 12.5125,  519.013,  533.850,  556.612,  572.688,  570.850,  555.025,  582.275,  587.975,  557.900,  544.700
 12.5181,  519.000,  534.225,  556.525,  580.287,  579.562,  556.000,  581.725,  596.263,  557.987,  545.287
 12.5236,  557.150,  572.888,  595.737,  604.263,  600.100,  596.787,  622.713,  617.625,  597.388,  586.900
 12.5291,  567.675,  583.312,  606.750,  614.237,  610.025,  607.275,  632.950,  628.100,  608.312,  597.825
 12.5347,  567.037,  583.138,  606.800,  614.575,  609.725,  607.888,  633.275,  628.013,  607.862,  597.975
 12.5403,  561.213,  577.438,  601.200,  609.487,  605.300,  602.725,  628.463,  622.875,  603.200,  592.838
 12.5458,  569.388,  585.650,  609.575,  617.838,  612.925,  612.088,  636.975,  632.400,  612.575,  602.612
 12.5514,  569.112,  585.000,  609.275,  617.400,  613.062,  612.000,  636.388,  631.750,  611.763,  602.088
 12.5570,  570.938,  586.700,  610.362,  618.963,  613.875,  613.138,  637.537,  633.088,  614.125,  603.463
 12.5625,  569.550,  585.975,  609.838,  618.450,  613.350,  612.388,  636.763,  632.375,  612.875,  602.975
 12.5681,  569.500,  585.638,  609.650,  617.162,  613.438,  611.825,  636.737,  632.450,  612.812,  602.088
 12.5736,  570.088,  586.263,  610.275,  618.550,  614.662,  613.112,  637.412,  633.237,  614.050,  603.600
 12.5792,  569.787,  585.763,  609.550,  618.013,  613.362,  612.263,  637.338,  632.763,  612.875,  602.600
 12.5847,  569.075,  585.000,  609.325,  617.875,  613.513,  611.888,  636.588,  631.775,  612.600,  601.912
 12.5903,  569.700,  586.175,  610.175,  618.775,  613.838,  612.388,  637.237,  632.912,  613.175,  602.925
 12.5958,  568.812,  585.338,  609.450,  617.737,  613.213,  612.200,  636.250,  631.775,  612.438,  602.112
 12.6014,  568.812,  585.150,  608.925,  617.162,  612.775,  611.800,  636.037,  631.513,  611.612,  601.237
 12.6070,  569.750,  586.350,  609.562,  617.750,  614.025,  612.550,  636.825,  632.425,  612.963,  602.450
 12.6125,  568.850,  585.487,  609.150,  617.213,  612.888,  611.900,  636.175,  631.450,  612.037,  601.775
 12.6181,  568.537,  584.888,  609.162,  617.287,  612.312,  611.025,  635.925,  631.675,  611.588,  601.412
 12.6236,  570.000,  586.838,  610.312,  618.825,  614.525,  613.050,  637.838,  632.838,  613.412,  602.938
 12.6292,  569.550,  585.825,  609.525,  618.050,  613.700,  612.025,  636.725,  632.213,  612.600,  602.513
 12.6347,  569.300,  585.425,  609.688,  617.312,  613.275,  611.375,  636.388,  631.325,  612.787,  601.950
 12.6403,  569.225,  585.737,  609.237,  618.075,  613.412,  612.225,  637.050,  631.975,  612.662,  601.912
 12.6458,  568.888,  584.600,  608.888,  617.075,  612.650,  611.112,  635.725,  631.362,  611.562,  600.787
 12.6514,  567.838,  584.625,  608.812,  616.487,  612.487,  610.737,  634.775,  630.963,  611.188,  600.900
 12.6570,  569.888,  586.312,  610.562,  618.763,  613.800,  612.763,  637.688,  632.900,  613.450,  602.950
 12.6625,  569.050,  585.763,  609.800,  618.250,  614.200,  612.075,  636.625,  632.588,  612.638,  602.938
 12.6681,  568.812,  586.037,  608.763,  617.325,  613.088,  611.425,  635.875,  631.088,  612.112,  601.888
 12.6736,  569.688,  586.688,  609.700,  617.862,  613.800,  612.287,  636.963,  632.287,  613.338,  602.513
 12.6791,  569.112,  585.100,  608.963,  617.487,  613.150,  611.487,  636.275,  631.800,  612.200,  602.050
 12.6847,  569.062,  584.938,  609.000,  617.375,  612.287,  611.162,  636.138,  631.487,  611.400,  601.300
 12.6903,  570.350,  586.250,  610.425,  618.475,  614.050,  612.925,  637.625,  633.050,  613.550,  603.188
 12.6958,  569.325,  586.100,  609.812,  617.775,  613.600,  612.100,  636.662,  632.150,  612.688,  602.200
 12.7014,  568.875,  585.450,  609.588,  617.062,  613.025,  611.412,  636.200,  631.775,  612.112,  601.812
 12.7070,  569.987,  586.175,  610.150,  618.162,  613.688,  612.463,  636.800,  632.750,  613.025,  602.562
 12.7125,  568.450,  585.575,  609.237,  617.188,  612.725,  611.638,  635.825,  631.650,  612.237,  601.800
 12.7181,  568.688,  585.000,  608.725,  617.338,  612.688,  611.300,  635.787,  631.638,  611.600,  601.250
 12.7236,  569.713,  586.713,  610.338,  618.388,  614.013,  613.200,  637.400,  633.200,  613.500,  602.812
 12.7292,  569.388,  585.763,  609.612,  618.100,  612.912,  612.037,  637.050,  632.438,  613.150,  602.350
 12.7347,  569.175,  585.650,  609.000,  617.500,  613.225,  611.713,  636.475,  631.625,  612.513,  602.138
 12.7403,  569.737,  586.562,  610.388,  618.062,  614.287,  612.787,  637.450,  633.375,  613.900,  603.388
 12.7458,  569.350,  586.075,  609.862,  617.938,  613.875,  612.375,  636.662,  632.650,  613.088,  602.537
 12.7514,  561.700,  578.575,  602.838,  610.925,  606.425,  604.000,  629.175,  624.550,  604.513,  593.725
 12.7570,  518.513,  533.950,  556.225,  569.825,  566.112,  555.938,  581.575,  584.338,  555.763,  545.925
 12.7625,  518.575,  533.862,  555.925,  567.600,  564.500,  554.400,  581.662,  578.125,  555.525,  544.125
 12.7681,  518.412,  533.875,  556.075,  568.875,  565.675,  556.100,  582.062,  582.912,  555.338,  545.900
 12.7736,  557.175,  572.000,  595.638,  604.175,  599.650,  596.175,  622.350,  617.425,  597.713,  586.775
 12.7792,  567.513,  584.300,  607.638,  615.088,  610.438,  608.662,  633.938,  628.675,  608.963,  598.800
 12.7847,  567.963,  583.787,  607.025,  615.900,  610.675,  608.562,  633.688,  628.862,  608.675,  598.537
 12.7903,  560.963,  577.425,  600.475,  608.625,  604.312,  602.088,  627.487,  622.700,  602.700,  592.188
 12.7958,  569.562,  585.688,  610.075,  617.850,  613.625,  612.287,  637.162,  632.312,  612.975,  602.213
 12.8014,  569.200,  585.487,  609.675,  617.675,  613.787,  612.575,  636.525,  631.588,  612.412,  601.888
 12.8069,  571.000,  587.775,  611.013,  619.775,  614.775,  613.900,  638.600,  633.463,  614.088,  603.725
 12.8125,  570.925,  586.662,  610.737,  618.400,  614.112,  613.000,  637.812,  632.700,  613.537,  603.638
 12.8181,  569.862,  586.487,  610.150,  618.162,  614.050,  612.550,  637.175,  632.963,  613.388,  603.188
 12.8236,  569.812,  586.525,  610.275,  618.888,  614.213,  613.463,  637.925,  633.125,  613.213,  603.537
 12.8292,  569.763,  586.325,  609.588,  618.025,  613.213,  612.475,  637.112,  632.475,  612.650,  602.588
 12.8348,  569.075,  585.575,  609.125,  617.412,  613.013,  612.000,  636.450,  631.763,  612.638,  601.625
 12.8403,  570.463,  587.112,  610.888,  619.025,  614.713,  613.763,  638.225,  633.562,  614.088,  603.450
 12.8458,  570.188,  586.112,  610.312,  618.713,  614.438,  612.812,  637.537,  632.350,  613.675,  603.062
 12.8514,  569.188,  585.850,  609.850,  617.688,  613.775,  612.537,  637.338,  632.412,  612.612,  602.138
 12.8569,  570.112,  587.050,  610.688,  618.463,  614.237,  613.412,  637.350,  633.550,  614.000,  603.600
 12.8625,  568.975,  586.250,  609.900,  617.875,  613.600,  612.675,  637.362,  632.825,  612.925,  603.188
 12.8681,  569.338,  585.575,  609.612,  617.537,  613.225,  612.438,  637.388,  632.300,  612.862,  602.525
 12.8736,  570.725,  587.500,  611.075,  619.175,  615.013,  613.888,  638.037,  634.088,  614.200,  603.900
 12.8792,  569.662,  586.513,  610.400,  618.275,  614.075,  613.100,  637.562,  632.612,  613.612,  602.612
 12.8848,  569.950,  586.275,  609.650,  617.500,  613.213,  612.812,  637.388,  632.575,  613.075,  602.513
 12.8903,  569.787,  586.588,  610.088,  618.562,  614.138,  612.638,  637.575,  632.600,  613.250,  603.263
 12.8958,  569.725,  585.987,  609.963,  617.725,  613.400,  612.300,  636.763,  632.412,  613.112,  601.938
 12.9014,  568.612,  585.513,  609.362,  617.688,  613.237,  611.562,  636.188,  631.463,  612.463,  601.763
 12.9069,  570.463,  586.225,  610.812,  619.612,  614.612,  613.675,  638.200,  633.088,  613.812,  603.425
 12.9125,  570.425,  586.388,  610.050,  618.500,  614.150,  612.963,  637.412,  632.900,  613.475,  603.287
 12.9181,  569.250,  586.075,  609.700,  617.638,  613.400,  612.412,  636.987,  632.300,  612.787,  602.250
 12.9236,  570.000,  586.237,  610.638,  618.700,  613.963,  613.250,  638.300,  633.388,  614.112,  603.350
 12.9292,  569.150,  586.062,  610.287,  618.225,  613.312,  612.763,  637.225,  632.875,  613.250,  602.138
 12.9347,  569.375,  585.700,  609.400,  617.075,  613.400,  611.713,  636.800,  632.000,  612.625,  602.237
 12.9403,  570.237,  586.737,  610.700,  618.862,  614.600,  613.612,  637.963,  633.463,  613.787,  603.700
 12.9459,  569.562,  586.050,  609.688,  618.088,  613.662,  611.862,  637.325,  632.325,  613.025,  602.675
 12.9514,  568.775,  585.287,  609.287,  617.463,  612.950,  611.650,  636.650,  631.737,  612.088,  601.812
 12.9570,  569.950,  586.662,  611.013,  618.688,  614.125,  612.850,  637.588,  633.325,  613.550,  603.188
 12.9625,  569.025,  585.875,  609.588,  617.850,  613.487,  612.037,  636.463,  632.388,  612.737,  602.225
 12.9680,  568.650,  585.200,  609.450,  617.138,  612.638,  611.338,  636.338,  631.838,  612.475,  601.825
 12.9736,  569.888,  586.825,  610.737,  619.025,  614.400,  613.188,  637.075,  633.412,  614.112,  603.275
 12.9792,  569.263,  586.200,  609.338,  617.925,  613.725,  611.963,  637.250,  632.638,  612.787,  602.588
 12.9847,  568.787,  585.250,  609.400,  617.675,  613.338,  612.150,  636.325,  631.700,  612.438,  602.112
 12.9903,  570.050,  586.463,  610.338,  618.487,  614.112,  613.037,  637.838,  633.100,  613.588,  602.975
 12.9959,  569.175,  585.800,  609.188,  618.075,  613.325,  612.325,  636.925,  632.650,  612.600,  602.275
 13.0014,  561.825,  578.850,  602.312,  610.688,  606.150,  604.250,  628.850,  624.300,  604.388,  594.112
 13.0070,  518.388,  534.037,  555.662,  565.625,  561.037,  553.900,  582.213,  585.750,  556.025,  543.763
 13.0125,  518.688,  533.888,  556.138,  565.213,  560.875,  553.412,  581.625,  582.562,  555.575,  544.088
 13.0181,  518.513,  533.550,  555.987,  565.088,  561.237,  554.312,  581.888,  584.987,  556.412,  544.588
 13.0236,  556.688,  572.050,  595.338,  603.763,  599.537,  596.200,  621.812,  617.075,  597.375,  586.875
 13.0292,  567.787,  583.950,  607.875,  615.338,  611.100,  609.162,  633.688,  629.088,  608.825,  598.975
 13.0347,  567.425,  584.225,  607.162,  615.200,  610.812,  608.825,  633.763,  628.775,  609.000,  598.675
 13.0403,  560.088,  576.787,  600.425,  608.025,  604.050,  601.812,  626.750,  622.312,  602.362,  592.062
 13.0459,  567.912,  584.763,  608.475,  616.900,  612.763,  611.050,  635.612,  631.025,  611.713,  601.300
 13.0514,  567.825,  584.713,  608.225,  617.175,  611.787,  610.638,  635.088,  630.412,  610.950,  600.612
 13.0570,  569.750,  586.225,  610.325,  618.763,  614.100,  612.950,  637.350,  632.938,  613.412,  603.275
 13.0625,  569.100,  585.713,  609.425,  618.150,  613.013,  612.225,  636.625,  632.188,  612.963,  602.362
 13.0681,  568.875,  585.125,  609.263,  616.825,  612.412,  611.737,  636.787,  631.138,  612.025,  601.350
 13.0736,  569.688,  586.588,  610.225,  618.438,  614.050,  613.225,  637.662,  632.838,  613.537,  603.213
 13.0792,  569.188,  585.237,  609.725,  617.412,  613.425,  611.675,  636.487,  632.138,  612.900,  602.200
 13.0847,  568.688,  584.850,  609.237,  616.875,  612.450,  611.500,  635.400,  631.312,  612.250,  601.662
 13.0903,  568.862,  585.713,  609.625,  617.963,  613.338,  612.350,  636.688,  632.237,  612.688,  602.388
 13.0958,  568.037,  585.112,  608.925,  616.888,  612.450,  611.400,  636.138,  631.075,  612.112,  601.013
 13.1014,  567.963,  584.525,  608.500,  616.900,  612.312,  610.975,  635.325,  631.037,  611.513,  600.888
 13.1070,  569.662,  586.200,  610.287,  618.350,  613.950,  613.312,  637.475,  633.213,  613.700,  603.388
 13.1125,  568.900,  585.013,  609.700,  617.662,  613.463,  612.312,  636.412,  632.513,  612.838,  602.537
 13.1181,  568.650,  584.550,  609.263,  617.188,  612.650,  611.475,  635.725,  631.188,  611.912,  601.450
 13.1236,  569.000,  585.475,  609.300,  617.300,  613.325,  611.850,  636.463,  631.862,  612.713,  601.688
 13.1292,  567.737,  584.225,  608.300,  616.638,  612.250,  610.850,  635.475,  630.812,  611.725,  600.987
 13.1347,  568.400,  583.850,  608.350,  615.875,  611.650,  610.425,  634.825,  630.713,  610.638,  600.850
 13.1403,  569.088,  585.800,  609.638,  618.350,  613.888,  612.513,  637.188,  633.125,  613.350,  602.775
 13.1459,  569.013,  585.600,  609.050,  617.400,  613.025,  611.938,  636.500,  632.013,  612.225,  601.600
 13.1514,  568.388,  584.775,  608.950,  616.675,  612.662,  610.950,  634.862,  630.912,  611.787,  600.850
 13.1570,  568.838,  585.375,  609.438,  617.750,  613.338,  612.062,  636.675,  632.175,  612.600,  602.263
 13.1625,  568.463,  584.812,  608.737,  617.050,  612.650,  610.938,  635.588,  631.300,  611.875,  601.737
 13.1681,  567.912,  584.388,  607.900,  616.425,  612.037,  610.250,  635.287,  630.650,  611.200,  600.438
 13.1736,  569.350,  585.850,  609.312,  617.300,  613.250,  612.025,  636.600,  632.088,  612.450,  601.888
 13.1792,  568.513,  585.200,  608.938,  616.500,  612.263,  611.500,  635.987,  631.275,  611.612,  601.088
 13.1847,  568.550,  584.013,  608.400,  616.650,  611.775,  610.700,  635.263,  630.850,  611.412,  601.062
 13.1903,  569.925,  585.950,  610.088,  618.325,  613.900,  613.050,  637.562,  632.612,  613.350,  602.775
 13.1959,  568.975,  585.463,  609.750,  617.775,  613.463,  612.200,  636.412,  631.950,  613.025,  601.963
 13.2014,  568.750,  585.275,  608.975,  617.062,  612.600,  611.513,  635.888,  631.463,  611.725,  601.612
 13.2070,  569.325,  586.013,  609.800,  617.987,  613.562,  612.463,  637.112,  632.188,  613.325,  603.325
 13.2125,  569.287,  585.713,  609.075,  617.338,  612.938,  611.688,  636.812,  632.000,  612.287,  602.338
 13.2181,  568.475,  585.438,  608.875,  617.250,  613.200,  611.737,  636.275,  631.787,  612.013,  601.612
 13.2236,  569.062,  586.250,  610.150,  618.263,  613.912,  612.550,  637.500,  632.875,  613.600,  602.600
 13.2292,  568.513,  585.713,  609.425,  617.237,  613.025,  612.000,  636.750,  631.950,  612.338,  602.325
 13.2347,  568.662,  585.050,  609.112,  617.287,  612.600,  611.787,  636.225,  631.838,  612.263,  601.925
 13.2403,  570.237,  587.062,  610.362,  618.825,  614.463,  613.550,  638.025,  633.188,  614.638,  603.575
 13.2459,  569.562,  585.938,  609.987,  618.138,  612.888,  612.812,  637.425,  632.575,  613.862,  602.800
 13.2514,  562.912,  579.463,  603.350,  611.475,  606.825,  605.162,  629.688,  625.287,  605.700,  595.100
 13.2570,  518.963,  534.250,  556.325,  565.237,  561.450,  555.062,  588.062,  587.638,  563.513,  544.062
 13.2625,  518.950,  533.900,  556.088,  564.537,  561.525,  555.525,  585.713,  583.388,  560.250,  545.338
 13.2681,  518.362,  533.925,  555.938,  564.438,  561.287,  553.987,  588.487,  586.525,  563.037,  543.838
 13.2736,  557.800,  573.188,  595.950,  604.700,  600.713,  597.250,  622.963,  618.263,  598.213,  587.775
 13.2792,  566.800,  583.888,  607.362,  615.500,  611.150,  608.800,  634.138,  628.713,  609.525,  598.500
 13.2847,  568.100,  583.987,  607.388,  615.175,  610.987,  608.750,  634.275,  629.438,  609.338,  598.700
 13.2903,  561.312,  577.662,  601.750,  609.162,  605.388,  603.287,  628.812,  624.075,  604.150,  593.225
 13.2959,  568.400,  584.750,  608.475,  616.725,  612.525,  611.438,  635.450,  631.037,  611.763,  600.975
 13.3014,  567.975,  584.675,  608.713,  616.188,  612.112,  610.737,  635.562,  630.700,  611.225,  601.050
 13.3070,  569.938,  586.862,  610.912,  618.888,  614.237,  613.213,  637.825,  633.188,  613.800,  603.688
 13.3125,  570.037,  586.575,  609.787,  618.475,  613.912,  612.162,  637.075,  632.713,  613.475,  603.000
 13.3181,  569.025,  585.900,  609.700,  617.900,  613.250,  612.325,  636.600,  632.325,  612.500,  602.037
 13.3236,  569.963,  587.037,  610.500,  618.750,  614.150,  613.438,  637.800,  633.213,  614.125,  603.612
 13.3292,  569.537,  585.838,  609.588,  618.013,  613.775,  612.900,  637.500,  633.037,  612.825,  602.300
 13.3347,  568.888,  585.362,  609.225,  617.487,  612.875,  612.225,  636.350,  632.025,  612.600,  602.287
 13.3403,  569.088,  585.925,  609.300,  617.825,  613.463,  612.662,  636.638,  632.662,  612.775,  602.737
 13.3458,  568.537,  585.100,  608.862,  617.300,  612.513,  611.525,  635.775,  631.312,  612.025,  601.125
 13.3514,  567.812,  584.400,  608.525,  616.487,  612.025,  610.987,  635.450,  630.438,  611.638,  601.362
 13.3570,  570.188,  586.450,  610.925,  619.013,  614.600,  613.237,  638.300,  633.700,  614.025,  603.650
 13.3625,  569.912,  586.200,  609.700,  618.487,  613.450,  612.562,  637.475,  632.162,  613.500,  603.375
 13.3681,  568.713,  585.388,  609.713,  617.400,  613.487,  612.138,  636.275,  632.062,  612.675,  602.350
 13.3736,  569.075,  586.088,  609.575,  617.838,  613.625,  612.362,  636.875,  633.013,  612.600,  603.013
 13.3792,  568.638,  585.775,  609.037,  616.963,  613.050,  611.912,  636.500,  631.625,  612.425,  601.263
 13.3847,  568.350,  584.725,  608.600,  616.713,  612.275,  611.400,  635.938,  631.125,  611.750,  601.200
 13.3903,  569.825,  586.400,  610.250,  618.062,  614.037,  612.775,  637.450,  633.263,  613.525,  603.050
 13.3958,  569.200,  585.675,  609.438,  618.200,  613.537,  612.612,  636.888,  632.287,  612.400,  602.862
 13.4014,  568.750,  585.138,  608.737,  616.912,  612.638,  611.550,  636.037,  631.725,  612.688,  601.662
 13.4070,  569.662,  586.275,  610.162,  618.725,  614.125,  613.888,  637.200,  632.737,  613.787,  603.013
 13.4125,  569.325,  585.463,  609.338,  617.450,  612.975,  611.838,  636.438,  632.050,  612.537,  602.362
 13.4181,  568.588,  584.987,  608.688,  617.350,  612.362,  611.150,  635.800,  631.362,  612.450,  601.500
 13.4236,  569.388,  586.188,  609.588,  617.862,  613.575,  612.175,  636.825,  632.213,  613.150,  602.638
 13.4292,  568.900,  584.950,  609.275,  617.013,  612.388,  611.300,  636.350,  631.162,  612.300,  601.537
 13.4348,  567.975,  584.338,  608.225,  616.237,  611.562,  611.188,  635.875,  630.950,  611.700,  600.938
 13.4403,  568.900,  585.100,  609.450,  617.500,  613.162,  611.787,  636.162,  632.000,  612.388,  602.688
 13.4458,  568.838,  585.000,  608.325,  616.412,  612.100,  610.812,  635.925,  631.150,  611.562,  601.175
 13.4514,  567.713,  584.325,  607.987,  615.688,  612.438,  610.875,  635.300,  630.588,  610.912,  600.800
 13.4570,  569.550,  585.700,  609.812,  617.825,  613.400,  612.688,  637.088,  632.263,  613.025,  602.850
 13.4625,  568.463,  585.412,  609.138,  617.375,  613.338,  611.700,  636.487,  631.475,  612.350,  601.588
 13.4681,  568.287,  584.650,  608.175,  615.950,  612.112,  610.925,  635.600,  631.025,  611.975,  601.312
 13.4737,  568.375,  585.275,  609.138,  616.562,  612.588,  611.700,  635.775,  630.950,  612.000,  601.775
 13.4792,  567.713,  583.612,  607.900,  615.625,  611.625,  610.588,  635.088,  630.237,  611.062,  600.575
 13.4848,  567.175,  583.562,  607.438,  615.838,  611.388,  609.675,  634.100,  629.875,  610.150,  600.037
 13.4903,  569.412,  585.775,  609.638,  618.200,  613.987,  612.475,  636.800,  632.787,  612.925,  602.825
 13.4959,  568.138,  585.400,  609.237,  617.075,  612.775,  611.763,  636.138,  631.838,  612.188,  601.825
 13.5014,  562.287,  579.300,  602.550,  610.550,  606.112,  604.213,  629.250,  624.475,  604.600,  593.875
 13.5070,  518.550,  533.525,  555.912,  566.425,  562.700,  556.713,  610.463,  591.763,  582.675,  545.550
 13.5125,  518.775,  533.625,  556.112,  565.912,  562.625,  555.987,  604.037,  587.875,  576.013,  545.300
 13.5181,  518.450,  533.700,  556.175,  566.938,  562.812,  556.175,  609.713,  591.487,  581.463,  545.062
 13.5236,  558.362,  573.812,  596.975,  605.375,  601.350,  598.000,  625.475,  620.537,  598.938,  588.825
 13.5292,  567.838,  584.287,  607.650,  615.862,  611.725,  608.912,  634.675,  629.000,  609.425,  598.900
 13.5348,  567.500,  584.425,  607.912,  615.513,  611.737,  609.125,  634.862,  629.700,  609.737,  599.250
 13.5403,  561.725,  578.250,  601.675,  609.987,  606.088,  604.062,  630.013,  625.463,  603.950,  594.138
 13.5459,  566.975,  583.638,  607.325,  615.162,  610.850,  609.900,  634.600,  629.537,  610.287,  599.925
 13.5514,  566.963,  582.763,  607.037,  615.438,  610.900,  609.338,  634.263,  629.175,  610.338,  600.088
 13.5570,  569.338,  585.475,  609.838,  617.237,  613.175,  612.513,  636.700,  631.838,  612.737,  602.175
 13.5625,  568.050,  584.912,  608.713,  616.463,  612.312,  611.750,  635.888,  631.175,  612.000,  601.325
 13.5681,  567.250,  584.162,  608.162,  615.912,  611.763,  610.612,  635.275,  630.650,  610.638,  600.513
 13.5736,  567.550,  584.513,  608.412,  616.138,  612.537,  610.625,  635.350,  630.500,  611.625,  601.125
 13.5792,  566.975,  583.513,  607.412,  615.700,  610.925,  609.600,  634.537,  629.700,  609.900,  600.062
 13.5847,  566.550,  582.688,  606.888,  614.975,  610.525,  609.188,  633.662,  628.588,  609.737,  599.975
 13.5903,  568.737,  585.225,  608.850,  617.138,  612.963,  611.838,  636.175,  631.075,  612.400,  601.862
 13.5959,  567.450,  584.638,  608.225,  616.225,  611.862,  610.787,  635.250,  630.825,  611.662,  600.987
 13.6014,  567.050,  583.850,  607.450,  615.812,  611.775,  610.200,  634.188,  629.550,  610.438,  600.287
 13.6070,  567.562,  584.862,  608.250,  616.487,  612.287,  610.875,  635.425,  630.763,  611.713,  601.362
 13.6125,  566.688,  583.775,  607.275,  615.700,  611.325,  610.450,  634.888,  629.838,  610.475,  600.250
 13.6181,  566.375,  582.713,  607.213,  615.237,  610.763,  609.225,  633.825,  629.062,  609.925,  599.925
 13.6236,  567.737,  584.725,  608.688,  616.525,  612.013,  611.000,  635.500,  630.750,  611.125,  601.062
 13.6292,  567.200,  583.513,  607.825,  615.487,  611.162,  610.100,  634.775,  630.013,  610.925,  600.025
 13.6347,  566.600,  583.500,  607.050,  614.838,  611.400,  609.475,  634.088,  629.350,  609.938,  599.513
 13.6403,  568.250,  584.525,  608.600,  617.125,  612.737,  611.688,  635.737,  631.463,  611.688,  601.800
 13.6459,  567.487,  583.737,  608.213,  615.487,  612.062,  610.388,  634.925,  630.412,  610.925,  600.412
 13.6514,  566.875,  582.850,  607.088,  615.188,  611.250,  609.737,  634.125,  629.675,  609.912,  599.800
 13.6570,  567.975,  585.112,  608.688,  617.175,  612.888,  611.375,  636.125,  631.287,  611.525,  601.838
 13.6625,  567.525,  583.963,  607.862,  616.125,  611.850,  609.675,  635.225,  629.912,  610.825,  600.975
 13.6681,  566.987,  583.500,  607.300,  615.412,  611.325,  609.675,  633.888,  629.562,  609.987,  599.625
 13.6736,  568.200,  585.188,  608.713,  616.750,  612.125,  611.812,  635.862,  631.450,  612.075,  601.575
 13.6792,  567.388,  584.362,  607.662,  616.275,  611.562,  610.500,  635.287,  630.425,  610.938,  600.213
 13.6848,  567.162,  583.525,  607.525,  615.675,  611.263,  609.975,  634.400,  629.388,  610.213,  599.875
 13.6903,  568.312,  585.050,  608.862,  617.312,  612.700,  611.800,  636.638,  631.475,  612.213,  601.662
 13.6959,  567.650,  584.575,  608.688,  616.150,  611.912,  610.688,  635.287,  630.938,  611.200,  600.925
 13.7014,  567.675,  584.062,  607.987,  615.825,  612.200,  610.525,  634.812,  630.412,  610.500,  600.325
 13.7070,  569.025,  585.388,  609.138,  617.263,  613.850,  612.013,  636.925,  632.100,  612.612,  602.412
 13.7125,  568.312,  584.787,  608.588,  616.775,  612.300,  611.325,  636.150,  631.300,  611.287,  601.513
 13.7181,  567.875,  584.062,  607.938,  616.162,  612.100,  610.487,  634.737,  630.250,  611.075,  600.975
 13.7236,  569.013,  585.763,  608.912,  617.237,  613.125,  611.562,  636.537,  631.963,  612.250,  602.025
 13.7292,  568.425,  584.825,  608.575,  616.662,  612.550,  611.250,  635.275,  631.050,  611.737,  601.050
 13.7347,  567.213,  583.938,  608.088,  616.050,  611.713,  610.275,  635.025,  629.938,  610.725,  600.675
 13.7403,  569.112,  585.725,  609.013,  617.500,  613.050,  611.938,  636.787,  631.625,  612.675,  601.862
 13.7459,  568.237,  584.775,  609.162,  616.575,  612.350,  610.875,  635.862,  630.688,  611.638,  601.700
 13.7514,  562.112,  578.725,  602.925,  610.200,  606.375,  604.037,  629.350,  624.162,  604.487,  593.763
 13.7570,  518.225,  533.625,  555.713,  564.287,  560.412,  555.325,  607.312,  583.287,  566.862,  544.475
 13.7625,  518.463,  533.662,  555.737,  564.550,  560.600,  555.487,  603.675,  582.263,  565.700,  545.263
 13.7681,  518.763,  533.850,  555.425,  564.463,  561.138,  555.100,  606.388,  582.875,  566.350,  545.250
 13.7736,  560.075,  576.000,  599.062,  607.213,  603.112,  600.138,  625.650,  620.862,  601.112,  590.537
 13.7792,  568.900,  585.125,  608.487,  616.513,  612.237,  610.388,  635.537,  630.275,  610.925,  600.175
 13.7847,  568.662,  584.888,  608.450,  616.513,  612.550,  610.150,  635.138,  630.263,  610.963,  600.150
 13.7903,  563.138,  579.338,  603.225,  611.675,  606.862,  605.688,  630.213,  625.200,  605.987,  595.263
 13.7959,  566.588,  584.100,  606.950,  615.287,  611.100,  609.425,  633.900,  629.463,  609.725,  599.650
 13.8014,  566.525,  583.125,  607.138,  614.875,  610.537,  609.037,  633.625,  628.987,  609.700,  598.938
 13.8070,  569.625,  586.088,  609.850,  617.838,  613.562,  612.312,  637.125,  632.688,  613.075,  602.612
 13.8126,  568.800,  585.463,  609.025,  617.062,  612.900,  611.500,  636.237,  631.487,  612.088,  601.400
 13.8181,  568.013,  584.650,  608.650,  617.125,  612.700,  611.025,  635.425,  631.037,  611.400,  600.800
 13.8237,  568.787,  585.025,  608.775,  616.725,  612.675,  611.338,  636.112,  631.037,  612.125,  601.737
 13.8292,  568.162,  583.912,  608.300,  616.713,  611.862,  610.338,  635.175,  630.188,  610.925,  600.662
 13.8348,  567.312,  584.050,  607.513,  615.562,  611.412,  609.938,  634.600,  629.975,  610.537,  600.138
 13.8403,  569.100,  585.550,  609.412,  617.912,  613.537,  612.463,  636.600,  632.400,  612.750,  602.475
 13.8458,  568.162,  584.950,  609.037,  616.925,  612.112,  611.338,  635.525,  631.475,  611.662,  601.862
 13.8514,  567.812,  584.250,  608.138,  616.588,  611.938,  610.900,  635.200,  630.650,  611.263,  600.700
 13.8570,  568.963,  585.400,  609.100,  617.325,  613.062,  611.812,  636.388,  631.875,  612.612,  601.963
 13.8626,  567.838,  584.188,  608.150,  616.575,  612.600,  611.213,  635.250,  630.888,  611.625,  600.925
 13.8681,  567.175,  584.200,  607.675,  615.725,  611.975,  610.500,  634.612,  630.175,  610.800,  600.500
 13.8737,  567.925,  584.263,  608.412,  616.400,  612.112,  610.650,  635.375,  630.700,  611.138,  600.825
 13.8792,  567.125,  583.525,  607.213,  615.425,  611.287,  609.775,  634.638,  629.662,  609.713,  599.888
 13.8848,  566.013,  583.350,  607.125,  615.287,  610.487,  609.612,  633.975,  629.175,  609.713,  599.350
 13.8903,  569.675,  586.100,  609.963,  618.162,  613.750,  612.425,  636.812,  632.225,  613.188,  603.300
 13.8959,  568.775,  585.650,  609.112,  617.487,  612.787,  611.537,  636.050,  631.500,  612.062,  601.888
 13.9014,  568.275,  584.575,  608.500,  616.775,  612.412,  610.912,  635.475,  630.775,  611.487,  601.062
 13.9070,  569.013,  585.612,  609.312,  617.312,  613.062,  612.175,  636.037,  631.950,  612.475,  602.625
 13.9125,  568.100,  584.925,  608.150,  616.938,  612.237,  611.175,  635.662,  630.900,  611.112,  601.350
 13.9181,  567.287,  584.500,  607.688,  616.400,  611.650,  610.750,  634.825,  630.250,  611.175,  600.125
 13.9236,  568.237,  584.300,  608.412,  616.500,  612.225,  610.812,  635.400,  630.662,  610.987,  601.112
 13.9292,  567.287,  583.725,  607.975,  615.750,  611.575,  609.750,  634.225,  629.237,  610.175,  599.787
 13.9348,  566.912,  583.612,  606.825,  615.425,  610.950,  609.725,  633.875,  629.438,  609.763,  599.463
 13.9403,  569.463,  585.987,  609.350,  617.175,  613.588,  612.400,  636.638,  632.300,  612.838,  602.250
 13.9459,  568.588,  585.263,  608.525,  616.938,  612.812,  611.263,  635.525,  631.237,  612.138,  601.662
 13.9514,  567.725,  584.287,  608.188,  616.100,  612.200,  610.237,  635.500,  630.675,  611.125,  600.400
 13.9570,  568.250,  584.900,  608.425,  616.125,  612.062,  610.662,  635.475,  630.888,  611.775,  601.450
 13.9625,  567.225,  583.825,  607.263,  615.638,  611.400,  609.938,  634.850,  629.638,  609.825,  599.875
 13.9681,  567.150,  583.237,  606.750,  615.125,  610.838,  609.338,  633.475,  629.388,  609.975,  599.250
 13.9736,  568.675,  585.237,  608.850,  616.825,  612.938,  611.662,  635.775,  631.138,  611.800,  601.138
 13.9792,  567.475,  584.175,  608.000,  616.312,  611.950,  610.550,  634.875,  630.138,  610.475,  600.150
 13.9848,  567.513,  583.787,  607.275,  615.188,  611.225,  609.338,  634.300,  629.375,  610.388,  600.013
 13.9903,  568.713,  585.138,  609.088,  617.662,  613.112,  611.888,  636.513,  631.450,  612.438,  602.213
 13.9959,  568.425,  584.300,  608.450,  616.912,  612.300,  610.900,  635.562,  630.037,  611.400,  601.200
 14.0015,  561.750,  578.888,  602.875,  610.338,  606.438,  603.963,  628.938,  624.025,  604.513,  594.138
 14.0070,  518.088,  534.188,  555.525,  564.188,  560.350,  554.438,  601.400,  578.787,  556.450,  544.400
 14.0126,  518.100,  533.537,  556.237,  564.112,  560.888,  554.375,  602.438,  579.312,  556.975,  544.700
 14.0181,  518.237,  533.650,  555.375,  563.487,  560.713,  554.425,  601.213,  579.287,  557.088,  544.612
 14.0236,  559.800,  575.588,  599.513,  607.562,  602.950,  599.975,  625.513,  620.838,  600.350,  590.588
 14.0292,  568.338,  584.562,  608.312,  616.263,  612.325,  609.713,  635.000,  630.013,  609.975,  600.263
 14.0348,  568.463,  584.463,  608.225,  616.013,  611.900,  609.338,  634.737,  630.062,  610.300,  599.775
 14.0403,  564.013,  580.600,  604.237,  612.537,  608.025,  606.025,  630.888,  626.287,  606.700,  596.025
 14.0459,  566.838,  583.638,  607.338,  615.812,  611.150,  609.412,  634.125,  629.400,  610.037,  599.987
 14.0515,  567.175,  583.688,  607.350,  615.400,  610.912,  609.162,  634.338,  629.412,  610.350,  599.150
 14.0570,  569.125,  585.625,  609.875,  617.600,  612.737,  611.662,  636.338,  631.638,  612.412,  601.800
 14.0626,  568.075,  584.675,  608.675,  616.312,  612.562,  610.775,  635.338,  631.050,  611.438,  601.325
 14.0681,  567.662,  584.013,  607.737,  616.025,  611.938,  610.125,  635.037,  629.750,  610.375,  600.275
 14.0736,  567.950,  584.250,  608.575,  616.700,  612.450,  611.213,  634.963,  630.750,  611.225,  600.375
 14.0792,  566.775,  583.737,  607.112,  615.412,  611.550,  609.487,  633.787,  629.625,  610.688,  599.775
 14.0847,  566.700,  583.075,  606.713,  615.075,  610.825,  608.938,  633.475,  628.912,  609.925,  598.812
 14.0903,  568.625,  585.425,  609.062,  617.100,  612.612,  611.463,  636.612,  631.438,  612.312,  602.275
 14.0959,  568.062,  584.287,  608.713,  616.662,  612.513,  611.125,  635.188,  631.075,  611.338,  600.575
 14.1014,  567.900,  584.013,  607.650,  616.100,  611.475,  609.975,  635.025,  629.987,  611.075,  600.650
 14.1070,  568.575,  584.650,  608.463,  616.862,  613.075,  611.737,  635.450,  631.487,  612.025,  601.725
 14.1126,  567.675,  584.100,  607.625,  616.487,  611.550,  610.150,  635.138,  630.400,  610.938,  600.188
 14.1181,  567.650,  583.537,  607.338,  615.487,  611.463,  609.237,  634.050,  629.612,  610.138,  599.400
 14.1236,  567.250,  584.075,  607.850,  616.050,  612.287,  610.287,  634.725,  630.088,  610.763,  600.525
 14.1292,  566.950,  583.463,  607.575,  615.487,  610.912,  609.100,  634.062,  628.812,  609.213,  599.575
 14.1348,  566.588,  582.713,  607.125,  614.650,  610.600,  609.088,  634.000,  628.938,  609.638,  599.125
 14.1403,  568.862,  585.750,  609.800,  617.450,  613.400,  612.300,  636.900,  632.338,  612.425,  601.963
 14.1459,  568.650,  584.800,  608.713,  616.787,  611.963,  610.750,  635.812,  630.787,  611.612,  601.225
 14.1514,  568.138,  584.475,  608.200,  616.287,  611.825,  610.287,  634.325,  630.412,  610.875,  600.812
 14.1570,  568.800,  584.775,  608.850,  617.237,  612.688,  611.338,  635.963,  631.213,  612.213,  601.575
 14.1626,  567.275,  584.213,  608.275,  616.200,  612.075,  610.463,  634.975,  630.763,  611.675,  600.100
 14.1681,  567.250,  584.175,  607.713,  615.950,  611.350,  609.975,  634.987,  629.862,  610.475,  599.588
 14.1737,  568.525,  584.800,  608.425,  616.550,  611.912,  610.713,  635.312,  631.037,  611.362,  600.825
 14.1792,  566.987,  584.050,  607.350,  615.963,  611.388,  609.875,  635.050,  629.650,  609.862,  599.700
 14.1848,  566.725,  583.263,  607.375,  614.838,  610.787,  609.062,  633.825,  629.688,  610.463,  599.787
 14.1903,  569.200,  585.950,  609.438,  618.300,  613.200,  612.450,  637.150,  632.138,  612.925,  602.487
 14.1959,  568.362,  584.912,  609.075,  616.925,  613.175,  611.725,  636.475,  631.425,  612.575,  601.625
 14.2014,  568.162,  585.062,  608.463,  616.675,  612.825,  610.900,  635.400,  630.763,  611.525,  601.250
 14.2070,  569.013,  585.450,  609.525,  617.263,  613.513,  612.050,  636.362,  631.625,  612.263,  602.350
 14.2125,  568.500,  584.950,  608.675,  617.013,  612.600,  611.287,  635.475,  630.825,  611.525,  601.112
 14.2181,  568.075,  584.438,  608.300,  615.975,  612.175,  610.987,  635.188,  630.575,  610.950,  601.175
 14.2237,  569.500,  585.612,  609.900,  618.237,  614.062,  612.463,  637.050,  632.338,  612.987,  602.275
 14.2292,  568.575,  584.850,  608.775,  616.912,  612.525,  611.300,  635.775,  630.900,  611.875,  601.237
 14.2348,  567.750,  584.188,  608.125,  616.737,  611.737,  610.412,  635.625,  630.275,  610.737,  600.300
 14.2403,  568.050,  584.213,  608.800,  616.675,  612.200,  610.537,  635.787,  630.438,  611.000,  601.125
 14.2459,  567.263,  583.688,  607.713,  616.025,  611.362,  610.000,  634.662,  629.775,  610.162,  599.662
 14.2514,  559.100,  575.938,  599.600,  607.775,  603.588,  600.725,  625.525,  620.525,  600.950,  590.575
 14.2570,  519.037,  533.150,  555.688,  564.013,  560.537,  554.050,  588.237,  578.650,  560.062,  544.250
 14.2625,  518.225,  533.300,  555.475,  563.688,  560.700,  553.550,  588.588,  578.150,  557.900,  543.838
 14.2681,  518.138,  533.463,  555.925,  564.100,  560.763,  554.062,  588.138,  578.588,  560.237,  543.987
 14.2737,  563.237,  579.425,  602.475,  610.662,  606.263,  603.575,  629.425,  624.763,  604.225,  593.750
 14.2792,  568.763,  585.350,  608.438,  616.300,  611.625,  610.062,  634.775,  629.750,  610.438,  599.550
 14.2848,  568.875,  585.050,  608.237,  616.588,  612.375,  609.888,  634.575,  629.537,  610.050,  599.625
 14.2904,  565.925,  582.350,  605.812,  614.200,  609.900,  608.000,  632.638,  628.100,  608.588,  598.213
 14.2959,  567.713,  583.938,  607.938,  616.112,  611.825,  610.688,  634.900,  630.162,  610.862,  600.537
 14.3015,  567.775,  583.562,  607.588,  615.612,  611.588,  610.100,  634.600,  629.550,  610.375,  600.088
 14.3070,  569.713,  585.638,  609.625,  618.100,  613.763,  612.963,  637.325,  632.275,  613.013,  602.500
 14.3125,  569.213,  584.938,  608.975,  617.062,  612.925,  611.638,  636.362,  630.975,  612.013,  600.963
 14.3181,  568.350,  585.025,  608.625,  617.013,  612.575,  611.425,  635.688,  631.088,  611.425,  601.600
 14.3236,  568.763,  586.050,  609.312,  617.700,  613.000,  612.237,  636.900,  632.037,  612.375,  601.850
 14.3292,  568.625,  585.375,  608.287,  616.737,  612.312,  610.975,  635.575,  631.500,  611.100,  601.350
 14.3348,  567.737,  584.625,  608.100,  616.562,  612.225,  610.825,  635.388,  630.287,  611.188,  600.725
 14.3403,  568.575,  585.375,  608.688,  617.412,  612.938,  611.650,  636.562,  631.550,  611.875,  602.362
 14.3459,  568.062,  584.750,  608.350,  617.013,  612.375,  611.188,  635.088,  630.388,  611.100,  601.013
 14.3515,  568.375,  584.287,  607.925,  616.588,  612.062,  610.650,  634.900,  629.812,  611.250,  600.438
 14.3570,  569.300,  585.475,  609.225,  617.650,  613.513,  612.388,  636.675,  632.000,  612.500,  602.225
 14.3626,  568.662,  584.975,  608.838,  616.562,  612.263,  610.938,  635.812,  631.125,  611.875,  601.475
 14.3681,  568.388,  584.412,  607.787,  616.213,  611.950,  610.650,  635.025,  630.175,  610.850,  600.463
 14.3736,  568.537,  585.800,  608.963,  617.200,  612.963,  611.900,  636.550,  631.562,  612.412,  602.025
 14.3792,  568.263,  584.350,  608.475,  616.412,  612.200,  610.412,  635.412,  630.713,  611.150,  600.900
 14.3848,  567.650,  584.250,  607.713,  615.838,  611.812,  610.487,  634.925,  630.250,  610.400,  600.000
 14.3903,  569.050,  585.450,  609.237,  617.287,  613.588,  611.475,  636.275,  631.200,  611.975,  601.963
 14.3959,  568.138,  584.175,  608.362,  616.287,  612.475,  610.713,  634.787,  630.812,  611.237,  600.588
 14.4015,  567.787,  584.312,  607.912,  616.200,  611.987,  609.963,  634.737,  630.225,  610.175,  600.463
 14.4070,  568.487,  585.550,  609.550,  617.688,  613.575,  612.088,  636.850,  631.550,  612.013,  601.713
 14.4126,  568.588,  584.838,  608.312,  616.925,  612.713,  610.450,  635.438,  630.763,  611.475,  601.162
 14.4181,  567.375,  584.650,  607.950,  616.625,  612.375,  610.250,  635.125,  630.250,  610.787,  600.725
 14.4237,  567.900,  584.750,  608.263,  616.275,  612.450,  610.775,  635.375,  630.475,  611.263,  600.362
 14.4292,  567.312,  583.987,  607.650,  615.575,  611.362,  609.650,  634.600,  629.775,  610.138,  600.088
 14.4348,  566.812,  583.737,  607.287,  615.675,  611.213,  609.688,  633.713,  629.688,  609.375,  599.525
 14.4403,  568.412,  585.162,  608.562,  617.450,  612.625,  611.388,  635.938,  631.138,  611.400,  601.425
 14.4459,  568.388,  584.213,  608.000,  616.662,  612.062,  610.737,  635.213,  630.100,  610.312,  600.688
 14.4515,  567.275,  584.213,  607.950,  615.925,  611.537,  610.013,  634.487,  629.787,  610.662,  600.450
 14.4570,  568.350,  584.775,  608.287,  617.062,  612.575,  610.775,  635.412,  630.713,  611.200,  600.938
 14.4626,  567.787,  584.513,  607.925,  615.650,  611.562,  610.275,  634.500,  630.062,  610.438,  600.125
 14.4681,  567.013,  583.787,  606.987,  615.850,  611.362,  609.950,  634.287,  629.312,  610.250,  599.388
 14.4737,  568.562,  585.088,  608.700,  617.213,  612.375,  610.975,  635.825,  631.100,  611.150,  600.875
 14.4792,  567.475,  583.825,  607.812,  615.575,  611.725,  610.138,  634.450,  629.725,  610.362,  599.600
 14.4848,  567.287,  583.775,  607.175,  615.875,  611.150,  609.100,  634.237,  629.650,  609.575,  599.912
 14.4903,  568.950,  585.825,  609.300,  617.487,  612.600,  611.938,  636.588,  631.787,  611.987,  601.588
 14.4959,  567.838,  584.888,  608.700,  617.013,  612.850,  610.888,  635.463,  630.662,  611.300,  600.688
 14.5256,  550.162,  566.275,  591.112,  599.713,  595.525,  590.888,  617.000,  611.725,  592.662,  581.300
 14.5312,  544.037,  559.175,  582.388,  592.588,  587.388,  582.300,  609.112,  604.037,  584.250,  572.225
 14.5368,  568.612,  585.250,  608.050,  616.375,  612.200,  609.725,  634.912,  630.062,  611.062,  599.825
 14.5423,  568.700,  585.475,  608.325,  616.250,  611.862,  609.725,  634.600,  630.075,  610.375,  599.987
 14.5479,  566.275,  583.013,  606.900,  614.362,  610.513,  608.612,  633.588,  628.513,  608.612,  598.312
 14.5534,  564.075,  580.263,  603.975,  611.650,  607.475,  605.675,  630.650,  625.750,  606.100,  595.425
 14.5590,  555.875,  572.763,  595.475,  603.575,  599.175,  596.037,  621.188,  616.400,  596.525,  586.112
 14.5646,  556.662,  573.100,  596.575,  604.650,  599.900,  597.112,  622.250,  617.312,  597.750,  586.775
 14.5701,  560.463,  576.950,  600.388,  608.250,  603.737,  600.950,  626.213,  621.600,  601.562,  591.062
 14.5757,  568.362,  584.950,  608.713,  616.875,  612.725,  611.713,  635.925,  630.787,  612.088,  601.375
 14.5812,  567.775,  584.525,  608.213,  616.562,  611.912,  611.037,  635.362,  630.450,  611.125,  600.750
 14.5867,  567.287,  583.862,  607.487,  616.000,  610.763,  609.525,  634.075,  629.737,  610.188,  599.925
 14.5923,  558.062,  575.013,  597.700,  606.000,  601.787,  599.013,  624.463,  618.600,  599.562,  588.900
 14.5979,  567.338,  584.025,  607.875,  616.350,  611.312,  609.862,  634.525,  629.750,  610.912,  600.312
 14.6034,  566.800,  583.650,  607.375,  615.025,  610.825,  609.700,  634.213,  629.838,  610.325,  599.588
 14.6090,  566.675,  583.375,  606.900,  615.013,  610.388,  609.088,  633.713,  628.975,  609.487,  599.112
